# 15 degrees from directly overhead
3	3.7939e-20
3.0081	3.6645e-20
3.0163	3.5404e-20
3.0244	3.4215e-20
3.0326	3.3074e-20
3.0408	3.1981e-20
3.0491	3.0932e-20
3.0573	2.9926e-20
3.0656	2.8961e-20
3.0739	2.8034e-20
3.0823	2.7144e-20
3.0906	2.629e-20
3.099	2.547e-20
3.1074	2.4682e-20
3.1158	2.3925e-20
3.1242	2.3198e-20
3.1327	2.25e-20
3.1412	2.1828e-20
3.1497	2.1183e-20
3.1582	2.0563e-20
3.1668	1.9967e-20
3.1753	1.9394e-20
3.1839	1.8842e-20
3.1926	1.8313e-20
3.2012	1.7803e-20
3.2099	1.7313e-20
3.2186	1.6843e-20
3.2273	1.639e-20
3.236	1.5954e-20
3.2448	1.5536e-20
3.2536	1.5133e-20
3.2624	1.4746e-20
3.2712	1.4375e-20
3.2801	1.4017e-20
3.289	1.3674e-20
3.2979	1.3344e-20
3.3068	1.3027e-20
3.3158	1.2723e-20
3.3248	1.2431e-20
3.3338	1.215e-20
3.3428	1.1881e-20
3.3518	1.1624e-20
3.3609	1.1377e-20
3.37	1.114e-20
3.3791	1.0914e-20
3.3883	1.0697e-20
3.3975	1.049e-20
3.4067	1.0293e-20
3.4159	1.0104e-20
3.4252	9.925e-21
3.4344	9.7545e-21
3.4437	9.5926e-21
3.4531	9.4393e-21
3.4624	9.2944e-21
3.4718	9.1578e-21
3.4812	9.0294e-21
3.4906	8.9092e-21
3.5001	8.7972e-21
3.5096	8.6932e-21
3.5191	8.5975e-21
3.5286	8.51e-21
3.5382	8.4307e-21
3.5477	8.3599e-21
3.5573	8.2977e-21
3.567	8.2443e-21
3.5766	8.1999e-21
3.5863	8.1649e-21
3.596	8.1397e-21
3.6058	8.1246e-21
3.6156	8.1202e-21
3.6253	8.1272e-21
3.6352	8.1464e-21
3.645	8.1785e-21
3.6549	8.2247e-21
3.6648	8.2863e-21
3.6747	8.3647e-21
3.6847	8.4618e-21
3.6946	8.5797e-21
3.7046	8.7211e-21
3.7147	8.8891e-21
3.7247	9.0878e-21
3.7348	9.322e-21
3.7449	9.598e-21
3.7551	9.9236e-21
3.7653	1.0309e-20
3.7755	1.0767e-20
3.7857	1.1317e-20
3.7959	1.1982e-20
3.8062	1.2797e-20
3.8165	1.3812e-20
3.8269	1.5103e-20
3.8372	1.6788e-20
3.8476	1.9069e-20
3.858	2.2312e-20
3.8685	2.726e-20
3.879	3.5694e-20
3.8895	5.3201e-20
3.9	1.1101e-19
3.9106	7.1538e-19
3.9212	8.0845e-20
3.9318	4.1684e-20
3.9424	2.7576e-20
3.9531	2.0321e-20
3.9638	1.5911e-20
3.9746	1.2952e-20
3.9853	1.0833e-20
3.9961	9.2447e-21
4.0069	8.0116e-21
4.0178	7.0284e-21
4.0287	6.2275e-21
4.0396	5.5637e-21
4.0505	5.0054e-21
4.0615	4.5301e-21
4.0725	4.1211e-21
4.0835	3.7661e-21
4.0946	3.4553e-21
4.1057	3.1815e-21
4.1168	2.9388e-21
4.1279	2.7223e-21
4.1391	2.5283e-21
4.1503	2.3537e-21
4.1616	2.196e-21
4.1728	2.0528e-21
4.1842	1.9225e-21
4.1955	1.8036e-21
4.2068	1.6946e-21
4.2182	1.5946e-21
4.2297	1.5025e-21
4.2411	1.4176e-21
4.2526	1.339e-21
4.2641	1.2662e-21
4.2757	1.1987e-21
4.2873	1.1359e-21
4.2989	1.0773e-21
4.3105	1.0228e-21
4.3222	9.7176e-22
4.3339	9.2404e-22
4.3456	8.7933e-22
4.3574	8.3739e-22
4.3692	7.98e-22
4.381	7.6096e-22
4.3929	7.2609e-22
4.4048	6.9324e-22
4.4167	6.6225e-22
4.4287	6.3299e-22
4.4407	6.0535e-22
4.4527	5.792e-22
4.4648	5.5444e-22
4.4769	5.3099e-22
4.489	5.0876e-22
4.5012	4.8767e-22
4.5133	4.6764e-22
4.5256	4.4861e-22
4.5378	4.3052e-22
4.5501	4.1331e-22
4.5624	3.9693e-22
4.5748	3.8133e-22
4.5872	3.6647e-22
4.5996	3.5229e-22
4.6121	3.3877e-22
4.6246	3.2586e-22
4.6371	3.1353e-22
4.6496	3.0176e-22
4.6622	2.905e-22
4.6749	2.7974e-22
4.6875	2.6944e-22
4.7002	2.5959e-22
4.713	2.5015e-22
4.7257	2.4112e-22
4.7385	2.3246e-22
4.7514	2.2416e-22
4.7642	2.162e-22
4.7771	2.0857e-22
4.7901	2.0125e-22
4.803	1.9422e-22
4.8161	1.8747e-22
4.8291	1.8099e-22
4.8422	1.7477e-22
4.8553	1.6878e-22
4.8684	1.6303e-22
4.8816	1.575e-22
4.8948	1.5219e-22
4.9081	1.4707e-22
4.9214	1.4215e-22
4.9347	1.3742e-22
4.9481	1.3286e-22
4.9615	1.2847e-22
4.9749	1.2424e-22
4.9884	1.2016e-22
5.0019	1.1624e-22
5.0155	1.1246e-22
5.0291	1.0881e-22
5.0427	1.053e-22
5.0563	1.0191e-22
5.07	9.8643e-23
5.0838	9.549e-23
5.0975	9.2449e-23
5.1113	8.9514e-23
5.1252	8.6682e-23
5.1391	8.3948e-23
5.153	8.1308e-23
5.1669	7.876e-23
5.1809	7.6299e-23
5.195	7.3921e-23
5.209	7.1625e-23
5.2231	6.9406e-23
5.2373	6.7263e-23
5.2515	6.5191e-23
5.2657	6.3189e-23
5.28	6.1253e-23
5.2943	5.9382e-23
5.3086	5.7572e-23
5.323	5.5822e-23
5.3374	5.413e-23
5.3518	5.2494e-23
5.3663	5.091e-23
5.3809	4.9378e-23
5.3955	4.7896e-23
5.4101	4.6462e-23
5.4247	4.5074e-23
5.4394	4.3731e-23
5.4541	4.243e-23
5.4689	4.1172e-23
5.4837	3.9953e-23
5.4986	3.8773e-23
5.5135	3.763e-23
5.5284	3.6524e-23
5.5434	3.5452e-23
5.5584	3.4414e-23
5.5734	3.3409e-23
5.5885	3.2434e-23
5.6037	3.1491e-23
5.6189	3.0576e-23
5.6341	2.969e-23
5.6493	2.8832e-23
5.6646	2.8e-23
5.68	2.7193e-23
5.6954	2.6411e-23
5.7108	2.5654e-23
5.7263	2.4919e-23
5.7418	2.4207e-23
5.7573	2.3516e-23
5.7729	2.2847e-23
5.7885	2.2198e-23
5.8042	2.1568e-23
5.8199	2.0958e-23
5.8357	2.0366e-23
5.8515	1.9791e-23
5.8674	1.9234e-23
5.8833	1.8694e-23
5.8992	1.817e-23
5.9152	1.7661e-23
5.9312	1.7168e-23
5.9473	1.6689e-23
5.9634	1.6225e-23
5.9795	1.5774e-23
5.9957	1.5337e-23
6.0119	1.4912e-23
6.0282	1.4501e-23
6.0446	1.4101e-23
6.0609	1.3713e-23
6.0773	1.3336e-23
6.0938	1.2971e-23
6.1103	1.2616e-23
6.1269	1.2272e-23
6.1435	1.1937e-23
6.1601	1.1613e-23
6.1768	1.1297e-23
6.1935	1.0992e-23
6.2103	1.0694e-23
6.2271	1.0406e-23
6.244	1.0126e-23
6.2609	9.854e-24
6.2778	9.5899e-24
6.2948	9.3334e-24
6.3119	9.0844e-24
6.329	8.8425e-24
6.3461	8.6076e-24
6.3633	8.3795e-24
6.3806	8.1579e-24
6.3978	7.9427e-24
6.4152	7.7337e-24
6.4325	7.5307e-24
6.45	7.3335e-24
6.4674	7.1419e-24
6.4849	6.9559e-24
6.5025	6.7751e-24
6.5201	6.5996e-24
6.5378	6.429e-24
6.5555	6.2633e-24
6.5732	6.1024e-24
6.591	5.946e-24
6.6089	5.7941e-24
6.6268	5.6465e-24
6.6447	5.5032e-24
6.6627	5.3639e-24
6.6808	5.2286e-24
6.6989	5.0971e-24
6.717	4.9694e-24
6.7352	4.8453e-24
6.7535	4.7248e-24
6.7718	4.6077e-24
6.7901	4.4939e-24
6.8085	4.3833e-24
6.8269	4.2759e-24
6.8454	4.1716e-24
6.864	4.0702e-24
6.8826	3.9717e-24
6.9012	3.876e-24
6.9199	3.7831e-24
6.9386	3.6928e-24
6.9574	3.605e-24
6.9763	3.5198e-24
6.9952	3.437e-24
7.0141	3.3565e-24
7.0331	3.2784e-24
7.0522	3.2025e-24
7.0713	3.1287e-24
7.0904	3.0571e-24
7.1096	2.9875e-24
7.1289	2.9199e-24
7.1482	2.8542e-24
7.1675	2.7905e-24
7.1869	2.7285e-24
7.2064	2.6683e-24
7.2259	2.6099e-24
7.2455	2.5531e-24
7.2651	2.498e-24
7.2848	2.4444e-24
7.3045	2.3924e-24
7.3243	2.3419e-24
7.3442	2.2928e-24
7.364	2.2452e-24
7.384	2.1989e-24
7.404	2.154e-24
7.424	2.1103e-24
7.4442	2.068e-24
7.4643	2.0268e-24
7.4845	1.9869e-24
7.5048	1.9481e-24
7.5251	1.9104e-24
7.5455	1.8738e-24
7.5659	1.8383e-24
7.5864	1.8038e-24
7.607	1.7703e-24
7.6276	1.7377e-24
7.6483	1.7061e-24
7.669	1.6755e-24
7.6897	1.6457e-24
7.7106	1.6167e-24
7.7314	1.5886e-24
7.7524	1.5614e-24
7.7734	1.5349e-24
7.7944	1.5091e-24
7.8156	1.4841e-24
7.8367	1.4599e-24
7.8579	1.4363e-24
7.8792	1.4134e-24
7.9006	1.3911e-24
7.922	1.3695e-24
7.9434	1.3485e-24
7.9649	1.3281e-24
7.9865	1.3082e-24
8.0081	1.2889e-24
8.0298	1.2702e-24
8.0516	1.252e-24
8.0734	1.2343e-24
8.0953	1.2171e-24
8.1172	1.2003e-24
8.1392	1.184e-24
8.1612	1.1682e-24
8.1833	1.1528e-24
8.2055	1.1378e-24
8.2277	1.1232e-24
8.25	1.109e-24
8.2723	1.0951e-24
8.2947	1.0817e-24
8.3172	1.0685e-24
8.3397	1.0557e-24
8.3623	1.0433e-24
8.385	1.0312e-24
8.4077	1.0193e-24
8.4304	1.0078e-24
8.4533	9.9653e-25
8.4762	9.8555e-25
8.4991	9.7484e-25
8.5222	9.6438e-25
8.5452	9.5417e-25
8.5684	9.442e-25
8.5916	9.3446e-25
8.6149	9.2495e-25
8.6382	9.1564e-25
8.6616	9.0655e-25
8.685	8.9765e-25
8.7086	8.8895e-25
8.7322	8.8043e-25
8.7558	8.7209e-25
8.7795	8.6392e-25
8.8033	8.5593e-25
8.8271	8.4809e-25
8.8511	8.4041e-25
8.875	8.3287e-25
8.8991	8.2548e-25
8.9232	8.1824e-25
8.9473	8.1112e-25
8.9716	8.0414e-25
8.9959	7.9728e-25
9.0202	7.9054e-25
9.0447	7.8392e-25
9.0692	7.7741e-25
9.0937	7.7101e-25
9.1184	7.6472e-25
9.1431	7.5853e-25
9.1678	7.5243e-25
9.1926	7.4643e-25
9.2175	7.4053e-25
9.2425	7.3471e-25
9.2675	7.2897e-25
9.2926	7.2332e-25
9.3178	7.1775e-25
9.3431	7.1226e-25
9.3684	7.0684e-25
9.3937	7.0149e-25
9.4192	6.9622e-25
9.4447	6.9101e-25
9.4703	6.8587e-25
9.4959	6.8079e-25
9.5216	6.7578e-25
9.5474	6.7083e-25
9.5733	6.6593e-25
9.5992	6.6109e-25
9.6252	6.5631e-25
9.6513	6.5159e-25
9.6774	6.4691e-25
9.7036	6.4229e-25
9.7299	6.3771e-25
9.7563	6.3319e-25
9.7827	6.2871e-25
9.8092	6.2428e-25
9.8358	6.199e-25
9.8624	6.1556e-25
9.8891	6.1126e-25
9.9159	6.0701e-25
9.9427	6.028e-25
9.9697	5.9863e-25
9.9967	5.945e-25
10.024	5.9041e-25
10.051	5.8636e-25
10.078	5.8235e-25
10.105	5.7838e-25
10.133	5.7444e-25
10.16	5.7054e-25
10.188	5.6668e-25
10.215	5.6286e-25
10.243	5.5907e-25
10.271	5.5531e-25
10.299	5.5159e-25
10.326	5.4791e-25
10.354	5.4426e-25
10.382	5.4064e-25
10.411	5.3705e-25
10.439	5.335e-25
10.467	5.2998e-25
10.495	5.265e-25
10.524	5.2304e-25
10.552	5.1962e-25
10.581	5.1623e-25
10.61	5.1287e-25
10.638	5.0955e-25
10.667	5.0625e-25
10.696	5.0299e-25
10.725	4.9976e-25
10.754	4.9656e-25
10.783	4.9339e-25
10.812	4.9025e-25
10.842	4.8714e-25
10.871	4.8406e-25
10.9	4.8101e-25
10.93	4.7799e-25
10.96	4.75e-25
10.989	4.7205e-25
11.019	4.6912e-25
11.049	4.6622e-25
11.079	4.6335e-25
11.109	4.6052e-25
11.139	4.5771e-25
11.169	4.5493e-25
11.199	4.5218e-25
11.23	4.4946e-25
11.26	4.4677e-25
11.291	4.4411e-25
11.321	4.4148e-25
11.352	4.3887e-25
11.383	4.363e-25
11.413	4.3375e-25
11.444	4.3124e-25
11.475	4.2875e-25
11.506	4.2629e-25
11.538	4.2385e-25
11.569	4.2145e-25
11.6	4.1907e-25
11.632	4.1672e-25
11.663	4.144e-25
11.695	4.1211e-25
11.726	4.0984e-25
11.758	4.076e-25
11.79	4.0539e-25
11.822	4.032e-25
11.854	4.0104e-25
11.886	3.9891e-25
11.918	3.968e-25
11.95	3.9472e-25
11.983	3.9267e-25
12.015	3.9064e-25
12.048	3.8863e-25
12.08	3.8665e-25
12.113	3.8469e-25
12.146	3.8276e-25
12.179	3.8086e-25
12.212	3.7897e-25
12.245	3.7712e-25
12.278	3.7528e-25
12.311	3.7347e-25
12.345	3.7168e-25
12.378	3.6992e-25
12.412	3.6817e-25
12.445	3.6645e-25
12.479	3.6476e-25
12.513	3.6308e-25
12.547	3.6142e-25
12.581	3.5979e-25
12.615	3.5818e-25
12.649	3.5659e-25
12.683	3.5502e-25
12.718	3.5347e-25
12.752	3.5194e-25
12.787	3.5043e-25
12.821	3.4894e-25
12.856	3.4747e-25
12.891	3.4602e-25
12.926	3.4459e-25
12.961	3.4317e-25
12.996	3.4178e-25
13.031	3.404e-25
13.066	3.3904e-25
13.102	3.377e-25
13.137	3.3638e-25
13.173	3.3507e-25
13.208	3.3378e-25
13.244	3.3251e-25
13.28	3.3125e-25
13.316	3.3001e-25
13.352	3.2879e-25
13.388	3.2758e-25
13.424	3.2639e-25
13.461	3.2521e-25
13.497	3.2405e-25
13.534	3.2291e-25
13.57	3.2177e-25
13.607	3.2066e-25
13.644	3.1955e-25
13.681	3.1847e-25
13.718	3.1739e-25
13.755	3.1633e-25
13.793	3.1528e-25
13.83	3.1425e-25
13.867	3.1323e-25
13.905	3.1222e-25
13.943	3.1122e-25
13.98	3.1024e-25
14.018	3.0927e-25
14.056	3.0831e-25
14.094	3.0737e-25
14.132	3.0643e-25
14.171	3.0551e-25
14.209	3.046e-25
14.248	3.037e-25
14.286	3.0281e-25
14.325	3.0193e-25
14.364	3.0107e-25
14.403	3.0021e-25
14.442	2.9937e-25
14.481	2.9853e-25
14.52	2.9771e-25
14.559	2.9689e-25
14.599	2.9609e-25
14.638	2.9529e-25
14.678	2.945e-25
14.718	2.9373e-25
14.757	2.9296e-25
14.797	2.922e-25
14.837	2.9146e-25
14.878	2.9072e-25
14.918	2.8999e-25
14.958	2.8926e-25
14.999	2.8855e-25
15.039	2.8785e-25
15.08	2.8715e-25
15.121	2.8646e-25
15.162	2.8578e-25
15.203	2.8511e-25
15.244	2.8444e-25
15.286	2.8379e-25
15.327	2.8314e-25
15.368	2.825e-25
15.41	2.8186e-25
15.452	2.8124e-25
15.494	2.8062e-25
15.536	2.8e-25
15.578	2.794e-25
15.62	2.788e-25
15.662	2.7821e-25
15.705	2.7762e-25
15.747	2.7704e-25
15.79	2.7647e-25
15.833	2.7591e-25
15.875	2.7535e-25
15.918	2.7479e-25
15.962	2.7425e-25
16.005	2.7371e-25
16.048	2.7317e-25
16.092	2.7264e-25
16.135	2.7212e-25
16.179	2.716e-25
16.223	2.7109e-25
16.267	2.7058e-25
16.311	2.7008e-25
16.355	2.6959e-25
16.399	2.691e-25
16.444	2.6861e-25
16.488	2.6814e-25
16.533	2.6766e-25
16.578	2.6719e-25
16.623	2.6673e-25
16.668	2.6627e-25
16.713	2.6582e-25
16.758	2.6537e-25
16.803	2.6492e-25
16.849	2.6448e-25
16.894	2.6405e-25
16.94	2.6362e-25
16.986	2.6319e-25
17.032	2.6277e-25
17.078	2.6235e-25
17.125	2.6194e-25
17.171	2.6153e-25
17.217	2.6113e-25
17.264	2.6073e-25
17.311	2.6033e-25
17.358	2.5994e-25
17.405	2.5955e-25
17.452	2.5917e-25
17.499	2.5879e-25
17.546	2.5841e-25
17.594	2.5804e-25
17.642	2.5767e-25
17.689	2.5731e-25
17.737	2.5695e-25
17.785	2.5659e-25
17.834	2.5623e-25
17.882	2.5588e-25
17.93	2.5554e-25
17.979	2.5519e-25
18.028	2.5485e-25
18.076	2.5452e-25
18.125	2.5418e-25
18.174	2.5385e-25
18.224	2.5353e-25
18.273	2.532e-25
18.323	2.5288e-25
18.372	2.5256e-25
18.422	2.5225e-25
18.472	2.5194e-25
18.522	2.5163e-25
18.572	2.5133e-25
18.622	2.5102e-25
18.673	2.5072e-25
18.723	2.5043e-25
18.774	2.5013e-25
18.825	2.4984e-25
18.876	2.4955e-25
18.927	2.4927e-25
18.978	2.4899e-25
19.03	2.4871e-25
19.081	2.4843e-25
19.133	2.4815e-25
19.185	2.4788e-25
19.237	2.4761e-25
19.289	2.4734e-25
19.341	2.4708e-25
19.393	2.4682e-25
19.446	2.4656e-25
19.499	2.463e-25
19.551	2.4604e-25
19.604	2.4579e-25
19.657	2.4554e-25
19.711	2.4529e-25
19.764	2.4505e-25
19.818	2.448e-25
19.871	2.4456e-25
19.925	2.4432e-25
19.979	2.4408e-25
20.033	2.4385e-25
20.087	2.4362e-25
20.142	2.4339e-25
20.196	2.4316e-25
20.251	2.4293e-25
20.306	2.4271e-25
20.361	2.4248e-25
20.416	2.4226e-25
20.471	2.4204e-25
20.527	2.4183e-25
20.582	2.4161e-25
20.638	2.414e-25
20.694	2.4119e-25
20.75	2.4098e-25
20.806	2.4077e-25
20.863	2.4056e-25
20.919	2.4036e-25
20.976	2.4016e-25
21.033	2.3996e-25
21.09	2.3976e-25
21.147	2.3956e-25
21.204	2.3936e-25
21.261	2.3917e-25
21.319	2.3898e-25
21.377	2.3879e-25
21.435	2.386e-25
21.493	2.3841e-25
21.551	2.3823e-25
21.609	2.3804e-25
21.668	2.3786e-25
21.727	2.3768e-25
21.785	2.375e-25
21.844	2.3732e-25
21.904	2.3714e-25
21.963	2.3697e-25
22.022	2.3679e-25
22.082	2.3662e-25
22.142	2.3645e-25
22.202	2.3628e-25
22.262	2.3611e-25
22.322	2.3595e-25
22.383	2.3578e-25
22.443	2.3562e-25
22.504	2.3545e-25
22.565	2.3529e-25
22.626	2.3513e-25
22.687	2.3497e-25
22.749	2.3482e-25
22.81	2.3466e-25
22.872	2.345e-25
22.934	2.3435e-25
22.996	2.342e-25
23.059	2.3405e-25
23.121	2.339e-25
23.184	2.3375e-25
23.246	2.336e-25
23.309	2.3345e-25
23.373	2.3331e-25
23.436	2.3316e-25
23.499	2.3302e-25
23.563	2.3288e-25
23.627	2.3274e-25
23.691	2.326e-25
23.755	2.3246e-25
23.819	2.3232e-25
23.884	2.3218e-25
23.949	2.3205e-25
24.013	2.3191e-25
24.078	2.3178e-25
24.144	2.3165e-25
24.209	2.3151e-25
24.275	2.3138e-25
24.34	2.3125e-25
24.406	2.3113e-25
24.472	2.31e-25
24.539	2.3087e-25
24.605	2.3074e-25
24.672	2.3062e-25
24.739	2.305e-25
24.806	2.3037e-25
24.873	2.3025e-25
24.94	2.3013e-25
25.008	2.3001e-25
25.075	2.2989e-25
25.143	2.2977e-25
25.211	2.2965e-25
25.28	2.2954e-25
25.348	2.2942e-25
25.417	2.2931e-25
25.486	2.2919e-25
25.555	2.2908e-25
25.624	2.2897e-25
25.693	2.2885e-25
25.763	2.2874e-25
25.833	2.2863e-25
25.903	2.2852e-25
25.973	2.2842e-25
26.043	2.2831e-25
26.114	2.282e-25
26.184	2.2809e-25
26.255	2.2799e-25
26.326	2.2788e-25
26.398	2.2778e-25
26.469	2.2768e-25
26.541	2.2757e-25
26.613	2.2747e-25
26.685	2.2737e-25
26.757	2.2727e-25
26.83	2.2717e-25
26.902	2.2707e-25
26.975	2.2697e-25
27.048	2.2688e-25
27.122	2.2678e-25
27.195	2.2668e-25
27.269	2.2659e-25
27.343	2.2649e-25
27.417	2.264e-25
27.491	2.263e-25
27.565	2.2621e-25
27.64	2.2612e-25
27.715	2.2603e-25
27.79	2.2594e-25
27.865	2.2585e-25
27.941	2.2576e-25
28.016	2.2567e-25
28.092	2.2558e-25
28.168	2.2549e-25
28.245	2.254e-25
28.321	2.2532e-25
28.398	2.2523e-25
28.475	2.2514e-25
28.552	2.2506e-25
28.629	2.2497e-25
28.707	2.2489e-25
28.784	2.2481e-25
28.862	2.2472e-25
28.941	2.2464e-25
29.019	2.2456e-25
29.098	2.2448e-25
29.176	2.244e-25
29.255	2.2432e-25
29.335	2.2424e-25
29.414	2.2416e-25
29.494	2.2408e-25
29.574	2.24e-25
29.654	2.2392e-25
29.734	2.2385e-25
29.815	2.2377e-25
29.895	2.2369e-25
29.976	2.2362e-25
30.057	2.2354e-25
30.139	2.2347e-25
30.221	2.2339e-25
30.302	2.2332e-25
30.384	2.2325e-25
30.467	2.2317e-25
30.549	2.231e-25
30.632	2.2303e-25
30.715	2.2296e-25
30.798	2.2289e-25
30.882	2.2282e-25
30.965	2.2275e-25
31.049	2.2268e-25
31.133	2.2261e-25
31.217	2.2254e-25
31.302	2.2247e-25
31.387	2.224e-25
31.472	2.2234e-25
31.557	2.2227e-25
31.643	2.222e-25
31.728	2.2214e-25
31.814	2.2207e-25
31.9	2.2201e-25
31.987	2.2194e-25
32.073	2.2188e-25
32.16	2.2181e-25
32.247	2.2175e-25
32.335	2.2169e-25
32.422	2.2162e-25
32.51	2.2156e-25
32.598	2.215e-25
32.686	2.2144e-25
32.775	2.2137e-25
32.864	2.2131e-25
32.953	2.2125e-25
33.042	2.2119e-25
33.131	2.2113e-25
33.221	2.2107e-25
33.311	2.2101e-25
33.401	2.2096e-25
33.492	2.209e-25
33.583	2.2084e-25
33.674	2.2078e-25
33.765	2.2072e-25
33.856	2.2067e-25
33.948	2.2061e-25
34.04	2.2055e-25
34.132	2.205e-25
34.225	2.2044e-25
34.317	2.2039e-25
34.41	2.2033e-25
34.503	2.2028e-25
34.597	2.2022e-25
34.691	2.2017e-25
34.784	2.2011e-25
34.879	2.2006e-25
34.973	2.2001e-25
35.068	2.1995e-25
35.163	2.199e-25
35.258	2.1985e-25
35.354	2.198e-25
35.449	2.1975e-25
35.545	2.1969e-25
35.642	2.1964e-25
35.738	2.1959e-25
35.835	2.1954e-25
35.932	2.1949e-25
36.029	2.1944e-25
36.127	2.1939e-25
36.225	2.1934e-25
36.323	2.193e-25
36.421	2.1925e-25
36.52	2.192e-25
36.619	2.1915e-25
36.718	2.191e-25
36.817	2.1905e-25
36.917	2.1901e-25
37.017	2.1896e-25
37.117	2.1891e-25
37.218	2.1887e-25
37.319	2.1882e-25
37.42	2.1877e-25
37.521	2.1873e-25
37.623	2.1868e-25
37.725	2.1864e-25
37.827	2.1859e-25
37.929	2.1855e-25
38.032	2.185e-25
38.135	2.1846e-25
38.238	2.1842e-25
38.342	2.1837e-25
38.446	2.1833e-25
38.55	2.1829e-25
38.654	2.1824e-25
38.759	2.182e-25
38.864	2.1816e-25
38.969	2.1812e-25
39.075	2.1807e-25
39.181	2.1803e-25
39.287	2.1799e-25
39.393	2.1795e-25
39.5	2.1791e-25
39.607	2.1787e-25
39.714	2.1783e-25
39.822	2.1779e-25
39.93	2.1775e-25
40.038	2.1771e-25
40.146	2.1767e-25
40.255	2.1763e-25
40.364	2.1759e-25
40.473	2.1755e-25
40.583	2.1751e-25
40.693	2.1747e-25
40.803	2.1743e-25
40.913	2.1739e-25
41.024	2.1736e-25
41.135	2.1732e-25
41.247	2.1728e-25
41.359	2.1724e-25
41.471	2.1721e-25
41.583	2.1717e-25
41.696	2.1713e-25
41.808	2.171e-25
41.922	2.1706e-25
42.035	2.1702e-25
42.149	2.1699e-25
42.263	2.1695e-25
42.378	2.1692e-25
42.492	2.1688e-25
42.608	2.1685e-25
42.723	2.1681e-25
42.839	2.1678e-25
42.955	2.1674e-25
43.071	2.1671e-25
43.188	2.1667e-25
43.305	2.1664e-25
43.422	2.166e-25
43.54	2.1657e-25
43.658	2.1654e-25
43.776	2.165e-25
43.894	2.1647e-25
44.013	2.1644e-25
44.132	2.164e-25
44.252	2.1637e-25
44.372	2.1634e-25
44.492	2.1631e-25
44.612	2.1627e-25
44.733	2.1624e-25
44.854	2.1621e-25
44.976	2.1618e-25
45.098	2.1615e-25
45.22	2.1612e-25
45.342	2.1609e-25
45.465	2.1605e-25
45.588	2.1602e-25
45.712	2.1599e-25
45.836	2.1596e-25
45.96	2.1593e-25
46.084	2.159e-25
46.209	2.1587e-25
46.334	2.1584e-25
46.46	2.1581e-25
46.586	2.1578e-25
46.712	2.1575e-25
46.838	2.1572e-25
46.965	2.1569e-25
47.092	2.1567e-25
47.22	2.1564e-25
47.348	2.1561e-25
47.476	2.1558e-25
47.605	2.1555e-25
47.734	2.1552e-25
47.863	2.155e-25
47.992	2.1547e-25
48.122	2.1544e-25
48.253	2.1541e-25
48.383	2.1538e-25
48.515	2.1536e-25
48.646	2.1533e-25
48.778	2.153e-25
48.91	2.1528e-25
49.042	2.1525e-25
49.175	2.1522e-25
49.308	2.152e-25
49.442	2.1517e-25
49.576	2.1514e-25
49.71	2.1512e-25
49.845	2.1509e-25
49.98	2.1507e-25
50.115	2.1504e-25
50.251	2.1501e-25
50.387	2.1499e-25
50.523	2.1496e-25
50.66	2.1494e-25
50.797	2.1491e-25
50.935	2.1489e-25
51.073	2.1486e-25
51.211	2.1484e-25
51.35	2.1481e-25
51.489	2.1479e-25
51.628	2.1477e-25
51.768	2.1474e-25
51.909	2.1472e-25
52.049	2.1469e-25
52.19	2.1467e-25
52.331	2.1465e-25
52.473	2.1462e-25
52.615	2.146e-25
52.758	2.1458e-25
52.901	2.1455e-25
53.044	2.1453e-25
53.188	2.1451e-25
53.332	2.1448e-25
53.476	2.1446e-25
53.621	2.1444e-25
53.766	2.1442e-25
53.912	2.1439e-25
54.058	2.1437e-25
54.204	2.1435e-25
54.351	2.1433e-25
54.498	2.1431e-25
54.646	2.1428e-25
54.794	2.1426e-25
54.942	2.1424e-25
55.091	2.1422e-25
55.24	2.142e-25
55.39	2.1418e-25
55.54	2.1416e-25
55.69	2.1413e-25
55.841	2.1411e-25
55.992	2.1409e-25
56.144	2.1407e-25
56.296	2.1405e-25
56.449	2.1403e-25
56.602	2.1401e-25
56.755	2.1399e-25
56.909	2.1397e-25
57.063	2.1395e-25
57.217	2.1393e-25
57.372	2.1391e-25
57.528	2.1389e-25
57.683	2.1387e-25
57.84	2.1385e-25
57.996	2.1383e-25
58.153	2.1381e-25
58.311	2.1379e-25
58.469	2.1377e-25
58.627	2.1375e-25
58.786	2.1374e-25
58.945	2.1372e-25
59.105	2.137e-25
59.265	2.1368e-25
59.426	2.1366e-25
59.586	2.1364e-25
59.748	2.1362e-25
59.91	2.1361e-25
60.072	2.1359e-25
60.235	2.1357e-25
60.398	2.1355e-25
60.561	2.1353e-25
60.725	2.1352e-25
60.89	2.135e-25
61.055	2.1348e-25
61.22	2.1346e-25
61.386	2.1344e-25
61.552	2.1343e-25
61.719	2.1341e-25
61.886	2.1339e-25
62.054	2.1338e-25
62.222	2.1336e-25
62.39	2.1334e-25
62.559	2.1332e-25
62.729	2.1331e-25
62.899	2.1329e-25
63.069	2.1327e-25
63.24	2.1326e-25
63.411	2.1324e-25
63.583	2.1322e-25
63.755	2.1321e-25
63.928	2.1319e-25
64.101	2.1318e-25
64.275	2.1316e-25
64.449	2.1314e-25
64.623	2.1313e-25
64.798	2.1311e-25
64.974	2.131e-25
65.15	2.1308e-25
65.326	2.1307e-25
65.503	2.1305e-25
65.68	2.1303e-25
65.858	2.1302e-25
66.037	2.13e-25
66.216	2.1299e-25
66.395	2.1297e-25
66.575	2.1296e-25
66.755	2.1294e-25
66.936	2.1293e-25
67.117	2.1291e-25
67.299	2.129e-25
67.481	2.1289e-25
67.664	2.1287e-25
67.847	2.1286e-25
68.031	2.1284e-25
68.215	2.1283e-25
68.4	2.1281e-25
68.585	2.128e-25
68.771	2.1279e-25
68.957	2.1277e-25
69.144	2.1276e-25
69.331	2.1274e-25
69.519	2.1273e-25
69.707	2.1272e-25
69.896	2.127e-25
70.086	2.1269e-25
70.275	2.1268e-25
70.466	2.1266e-25
70.657	2.1265e-25
70.848	2.1264e-25
71.04	2.1262e-25
71.232	2.1261e-25
71.425	2.126e-25
71.619	2.1258e-25
71.813	2.1257e-25
72.007	2.1256e-25
72.202	2.1254e-25
72.398	2.1253e-25
72.594	2.1252e-25
72.79	2.1251e-25
72.988	2.1249e-25
73.185	2.1248e-25
73.383	2.1247e-25
73.582	2.1246e-25
73.782	2.1244e-25
73.981	2.1243e-25
74.182	2.1242e-25
74.383	2.1241e-25
74.584	2.124e-25
74.786	2.1238e-25
74.989	2.1237e-25
75.192	2.1236e-25
75.395	2.1235e-25
75.6	2.1234e-25
75.804	2.1233e-25
76.01	2.1231e-25
76.216	2.123e-25
76.422	2.1229e-25
76.629	2.1228e-25
76.837	2.1227e-25
77.045	2.1226e-25
77.253	2.1225e-25
77.463	2.1224e-25
77.672	2.1222e-25
77.883	2.1221e-25
78.094	2.122e-25
78.305	2.1219e-25
78.517	2.1218e-25
78.73	2.1217e-25
78.943	2.1216e-25
79.157	2.1215e-25
79.371	2.1214e-25
79.586	2.1213e-25
79.802	2.1212e-25
80.018	2.1211e-25
80.235	2.121e-25
80.452	2.1209e-25
80.67	2.1208e-25
80.889	2.1207e-25
81.108	2.1206e-25
81.327	2.1205e-25
81.548	2.1204e-25
81.768	2.1203e-25
81.99	2.1202e-25
82.212	2.1201e-25
82.435	2.12e-25
82.658	2.1199e-25
82.882	2.1198e-25
83.106	2.1197e-25
83.331	2.1196e-25
83.557	2.1195e-25
83.783	2.1194e-25
84.01	2.1193e-25
84.238	2.1192e-25
84.466	2.1191e-25
84.695	2.119e-25
84.924	2.119e-25
85.154	2.1189e-25
85.385	2.1188e-25
85.616	2.1187e-25
85.848	2.1186e-25
86.08	2.1185e-25
86.314	2.1184e-25
86.547	2.1183e-25
86.782	2.1183e-25
87.017	2.1182e-25
87.253	2.1181e-25
87.489	2.118e-25
87.726	2.1179e-25
87.963	2.1178e-25
88.202	2.1177e-25
88.441	2.1177e-25
88.68	2.1176e-25
88.92	2.1175e-25
89.161	2.1174e-25
89.403	2.1173e-25
89.645	2.1173e-25
89.888	2.1172e-25
90.131	2.1171e-25
90.375	2.117e-25
90.62	2.117e-25
90.865	2.1169e-25
91.111	2.1168e-25
91.358	2.1167e-25
91.606	2.1167e-25
91.854	2.1166e-25
92.103	2.1165e-25
92.352	2.1164e-25
92.602	2.1164e-25
92.853	2.1163e-25
93.104	2.1162e-25
93.357	2.1161e-25
93.609	2.1161e-25
93.863	2.116e-25
94.117	2.1159e-25
94.372	2.1159e-25
94.628	2.1158e-25
94.884	2.1157e-25
95.141	2.1157e-25
95.399	2.1156e-25
95.657	2.1155e-25
95.916	2.1155e-25
96.176	2.1154e-25
96.436	2.1153e-25
96.698	2.1153e-25
96.96	2.1152e-25
97.222	2.1151e-25
97.486	2.1151e-25
97.75	2.115e-25
98.014	2.115e-25
98.28	2.1149e-25
98.546	2.1148e-25
98.813	2.1148e-25
99.081	2.1147e-25
99.349	2.1147e-25
99.618	2.1146e-25
99.888	2.1145e-25
100.16	2.1145e-25
100.43	2.1144e-25
100.7	2.1144e-25
100.97	2.1143e-25
101.25	2.1143e-25
101.52	2.1142e-25
101.8	2.1142e-25
102.07	2.1141e-25
102.35	2.114e-25
102.63	2.114e-25
102.9	2.1139e-25
103.18	2.1139e-25
103.46	2.1138e-25
103.74	2.1138e-25
104.02	2.1137e-25
104.31	2.1137e-25
104.59	2.1136e-25
104.87	2.1136e-25
105.16	2.1135e-25
105.44	2.1135e-25
105.73	2.1134e-25
106.01	2.1134e-25
106.3	2.1134e-25
106.59	2.1133e-25
106.88	2.1133e-25
107.17	2.1132e-25
107.46	2.1132e-25
107.75	2.1131e-25
108.04	2.1131e-25
108.33	2.113e-25
108.62	2.113e-25
108.92	2.113e-25
109.21	2.1129e-25
109.51	2.1129e-25
109.81	2.1128e-25
110.1	2.1128e-25
110.4	2.1128e-25
110.7	2.1127e-25
111	2.1127e-25
111.3	2.1126e-25
111.6	2.1126e-25
111.9	2.1126e-25
112.21	2.1125e-25
112.51	2.1125e-25
112.82	2.1125e-25
113.12	2.1124e-25
113.43	2.1124e-25
113.74	2.1124e-25
114.04	2.1123e-25
114.35	2.1123e-25
114.66	2.1123e-25
114.97	2.1122e-25
115.28	2.1122e-25
115.6	2.1122e-25
115.91	2.1121e-25
116.22	2.1121e-25
116.54	2.1121e-25
116.85	2.1121e-25
117.17	2.112e-25
117.49	2.112e-25
117.81	2.112e-25
118.13	2.1119e-25
118.45	2.1119e-25
118.77	2.1119e-25
119.09	2.1119e-25
119.41	2.1118e-25
119.73	2.1118e-25
120.06	2.1118e-25
120.38	2.1118e-25
120.71	2.1117e-25
121.04	2.1117e-25
121.36	2.1117e-25
121.69	2.1117e-25
122.02	2.1117e-25
122.35	2.1116e-25
122.68	2.1116e-25
123.02	2.1116e-25
123.35	2.1116e-25
123.68	2.1116e-25
124.02	2.1116e-25
124.35	2.1115e-25
124.69	2.1115e-25
125.03	2.1115e-25
125.37	2.1115e-25
125.71	2.1115e-25
126.05	2.1115e-25
126.39	2.1114e-25
126.73	2.1114e-25
127.07	2.1114e-25
127.42	2.1114e-25
127.76	2.1114e-25
128.11	2.1114e-25
128.46	2.1114e-25
128.8	2.1114e-25
129.15	2.1114e-25
129.5	2.1113e-25
129.85	2.1113e-25
130.21	2.1113e-25
130.56	2.1113e-25
130.91	2.1113e-25
131.27	2.1113e-25
131.62	2.1113e-25
131.98	2.1113e-25
132.34	2.1113e-25
132.69	2.1113e-25
133.05	2.1113e-25
133.41	2.1113e-25
133.78	2.1113e-25
134.14	2.1113e-25
134.5	2.1113e-25
134.87	2.1113e-25
135.23	2.1113e-25
135.6	2.1113e-25
135.96	2.1113e-25
136.33	2.1113e-25
136.7	2.1113e-25
137.07	2.1113e-25
137.44	2.1113e-25
137.82	2.1113e-25
138.19	2.1113e-25
138.56	2.1113e-25
138.94	2.1113e-25
139.32	2.1113e-25
139.69	2.1113e-25
140.07	2.1113e-25
140.45	2.1113e-25
140.83	2.1113e-25
141.21	2.1114e-25
141.59	2.1114e-25
141.98	2.1114e-25
142.36	2.1114e-25
142.75	2.1114e-25
143.13	2.1114e-25
143.52	2.1114e-25
143.91	2.1114e-25
144.3	2.1114e-25
144.69	2.1115e-25
145.08	2.1115e-25
145.48	2.1115e-25
145.87	2.1115e-25
146.27	2.1115e-25
146.66	2.1115e-25
147.06	2.1116e-25
147.46	2.1116e-25
147.86	2.1116e-25
148.26	2.1116e-25
148.66	2.1116e-25
149.06	2.1116e-25
149.47	2.1117e-25
149.87	2.1117e-25
150.28	2.1117e-25
150.68	2.1117e-25
151.09	2.1118e-25
151.5	2.1118e-25
151.91	2.1118e-25
152.32	2.1118e-25
152.73	2.1119e-25
153.15	2.1119e-25
153.56	2.1119e-25
153.98	2.1119e-25
154.4	2.112e-25
154.81	2.112e-25
155.23	2.112e-25
155.65	2.1121e-25
156.08	2.1121e-25
156.5	2.1121e-25
156.92	2.1122e-25
157.35	2.1122e-25
157.77	2.1122e-25
158.2	2.1123e-25
158.63	2.1123e-25
159.06	2.1123e-25
159.49	2.1124e-25
159.92	2.1124e-25
160.35	2.1124e-25
160.79	2.1125e-25
161.22	2.1125e-25
161.66	2.1125e-25
162.1	2.1126e-25
162.54	2.1126e-25
162.98	2.1127e-25
163.42	2.1127e-25
163.86	2.1128e-25
164.31	2.1128e-25
164.75	2.1128e-25
165.2	2.1129e-25
165.65	2.1129e-25
166.09	2.113e-25
166.54	2.113e-25
166.99	2.1131e-25
167.45	2.1131e-25
167.9	2.1132e-25
168.36	2.1132e-25
168.81	2.1133e-25
169.27	2.1133e-25
169.73	2.1134e-25
170.19	2.1134e-25
170.65	2.1135e-25
171.11	2.1135e-25
171.57	2.1136e-25
172.04	2.1136e-25
172.5	2.1137e-25
172.97	2.1137e-25
173.44	2.1138e-25
173.91	2.1139e-25
174.38	2.1139e-25
174.85	2.114e-25
175.33	2.114e-25
175.8	2.1141e-25
176.28	2.1142e-25
176.75	2.1142e-25
177.23	2.1143e-25
177.71	2.1144e-25
178.19	2.1144e-25
178.68	2.1145e-25
179.16	2.1145e-25
179.65	2.1146e-25
180.13	2.1147e-25
180.62	2.1148e-25
181.11	2.1148e-25
181.6	2.1149e-25
182.09	2.115e-25
182.59	2.115e-25
183.08	2.1151e-25
183.58	2.1152e-25
184.07	2.1153e-25
184.57	2.1153e-25
185.07	2.1154e-25
185.57	2.1155e-25
186.08	2.1156e-25
186.58	2.1156e-25
187.09	2.1157e-25
187.59	2.1158e-25
188.1	2.1159e-25
188.61	2.116e-25
189.12	2.116e-25
189.63	2.1161e-25
190.15	2.1162e-25
190.66	2.1163e-25
191.18	2.1164e-25
191.7	2.1165e-25
192.21	2.1165e-25
192.74	2.1166e-25
193.26	2.1167e-25
193.78	2.1168e-25
194.31	2.1169e-25
194.83	2.117e-25
195.36	2.1171e-25
195.89	2.1172e-25
196.42	2.1173e-25
196.95	2.1174e-25
197.48	2.1175e-25
198.02	2.1176e-25
198.56	2.1177e-25
199.09	2.1178e-25
199.63	2.1179e-25
200.17	2.118e-25
200.72	2.1181e-25
201.26	2.1182e-25
201.8	2.1183e-25
202.35	2.1184e-25
202.9	2.1185e-25
203.45	2.1186e-25
204	2.1187e-25
204.55	2.1188e-25
205.11	2.1189e-25
205.66	2.119e-25
206.22	2.1191e-25
206.78	2.1192e-25
207.34	2.1194e-25
207.9	2.1195e-25
208.46	2.1196e-25
209.03	2.1197e-25
209.59	2.1198e-25
210.16	2.1199e-25
210.73	2.1201e-25
211.3	2.1202e-25
211.87	2.1203e-25
212.45	2.1204e-25
213.02	2.1205e-25
213.6	2.1207e-25
214.18	2.1208e-25
214.76	2.1209e-25
215.34	2.121e-25
215.92	2.1212e-25
216.51	2.1213e-25
217.09	2.1214e-25
217.68	2.1216e-25
218.27	2.1217e-25
218.86	2.1218e-25
219.46	2.122e-25
220.05	2.1221e-25
220.65	2.1222e-25
221.24	2.1224e-25
221.84	2.1225e-25
222.44	2.1227e-25
223.05	2.1228e-25
223.65	2.123e-25
224.26	2.1231e-25
224.86	2.1233e-25
225.47	2.1234e-25
226.08	2.1236e-25
226.69	2.1237e-25
227.31	2.1239e-25
227.92	2.1241e-25
228.54	2.1242e-25
229.16	2.1244e-25
229.78	2.1246e-25
230.4	2.1248e-25
231.03	2.125e-25
231.65	2.1252e-25
232.28	2.1254e-25
232.91	2.1256e-25
233.54	2.1259e-25
234.17	2.1263e-25
234.81	2.1268e-25
235.44	2.1275e-25
236.08	2.1286e-25
236.72	2.1311e-25
237.36	2.1388e-25
238	2.2017e-25
238.65	2.4344e-25
239.3	2.1462e-25
239.94	2.1332e-25
240.59	2.1302e-25
241.25	2.1291e-25
241.9	2.1286e-25
242.55	2.1285e-25
243.21	2.1284e-25
243.87	2.1285e-25
244.53	2.1286e-25
245.19	2.1287e-25
245.86	2.1288e-25
246.52	2.129e-25
247.19	2.1291e-25
247.86	2.1293e-25
248.53	2.1294e-25
249.2	2.1296e-25
249.88	2.1298e-25
250.56	2.13e-25
251.23	2.1302e-25
251.92	2.1304e-25
252.6	2.1305e-25
253.28	2.1307e-25
253.97	2.1309e-25
254.66	2.1311e-25
255.35	2.1313e-25
256.04	2.1315e-25
256.73	2.1317e-25
257.43	2.1319e-25
258.12	2.1321e-25
258.82	2.1323e-25
259.52	2.1326e-25
260.23	2.1328e-25
260.93	2.133e-25
261.64	2.1332e-25
262.35	2.1334e-25
263.06	2.1336e-25
263.77	2.1338e-25
264.48	2.1341e-25
265.2	2.1343e-25
265.92	2.1345e-25
266.64	2.1347e-25
267.36	2.135e-25
268.08	2.1352e-25
268.81	2.1354e-25
269.54	2.1357e-25
270.27	2.1359e-25
271	2.1361e-25
271.74	2.1364e-25
272.47	2.1366e-25
273.21	2.1368e-25
273.95	2.1371e-25
274.69	2.1373e-25
275.43	2.1376e-25
276.18	2.1378e-25
276.93	2.1381e-25
277.68	2.1383e-25
278.43	2.1386e-25
279.19	2.1388e-25
279.94	2.1391e-25
280.7	2.1393e-25
281.46	2.1396e-25
282.22	2.1399e-25
282.99	2.1401e-25
283.75	2.1404e-25
284.52	2.1407e-25
285.29	2.1409e-25
286.06	2.1412e-25
286.84	2.1415e-25
287.62	2.1417e-25
288.4	2.142e-25
289.18	2.1423e-25
289.96	2.1426e-25
290.75	2.1428e-25
291.53	2.1431e-25
292.32	2.1434e-25
293.11	2.1437e-25
293.91	2.144e-25
294.7	2.1443e-25
295.5	2.1446e-25
296.3	2.1449e-25
297.11	2.1452e-25
297.91	2.1455e-25
298.72	2.1458e-25
299.53	2.1461e-25
300.34	2.1464e-25
301.15	2.1467e-25
301.97	2.147e-25
302.78	2.1473e-25
303.6	2.1476e-25
304.43	2.1479e-25
305.25	2.1482e-25
306.08	2.1485e-25
306.91	2.1489e-25
307.74	2.1492e-25
308.57	2.1495e-25
309.41	2.1498e-25
310.25	2.1502e-25
311.09	2.1505e-25
311.93	2.1508e-25
312.77	2.1511e-25
313.62	2.1515e-25
314.47	2.1518e-25
315.32	2.1522e-25
316.18	2.1525e-25
317.03	2.1528e-25
317.89	2.1532e-25
318.75	2.1535e-25
319.61	2.1539e-25
320.48	2.1542e-25
321.35	2.1546e-25
322.22	2.155e-25
323.09	2.1553e-25
323.97	2.1557e-25
324.84	2.1561e-25
325.72	2.1564e-25
326.61	2.1568e-25
327.49	2.1572e-25
328.38	2.1575e-25
329.27	2.1579e-25
330.16	2.1583e-25
331.05	2.1587e-25
331.95	2.1591e-25
332.85	2.1594e-25
333.75	2.1598e-25
334.65	2.1602e-25
335.56	2.1606e-25
336.47	2.161e-25
337.38	2.1614e-25
338.29	2.1618e-25
339.21	2.1622e-25
340.13	2.1626e-25
341.05	2.163e-25
341.97	2.1634e-25
342.9	2.1639e-25
343.83	2.1643e-25
344.76	2.1647e-25
345.69	2.1651e-25
346.63	2.1655e-25
347.57	2.166e-25
348.51	2.1664e-25
349.45	2.1668e-25
350.4	2.1673e-25
351.35	2.1677e-25
352.3	2.1681e-25
353.26	2.1686e-25
354.21	2.169e-25
355.17	2.1695e-25
356.13	2.1699e-25
357.1	2.1704e-25
358.07	2.1708e-25
359.04	2.1713e-25
360.01	2.1718e-25
360.98	2.1722e-25
361.96	2.1727e-25
362.94	2.1732e-25
363.92	2.1736e-25
364.91	2.1741e-25
365.9	2.1746e-25
366.89	2.1751e-25
367.88	2.1756e-25
368.88	2.1761e-25
369.88	2.1766e-25
370.88	2.177e-25
371.89	2.1775e-25
372.89	2.178e-25
373.9	2.1786e-25
374.92	2.1791e-25
375.93	2.1796e-25
376.95	2.1801e-25
377.97	2.1806e-25
378.99	2.1811e-25
380.02	2.1816e-25
381.05	2.1822e-25
382.08	2.1827e-25
383.12	2.1832e-25
384.15	2.1838e-25
385.19	2.1843e-25
386.24	2.1849e-25
387.28	2.1854e-25
388.33	2.1859e-25
389.38	2.1865e-25
390.44	2.1871e-25
391.5	2.1876e-25
392.56	2.1882e-25
393.62	2.1887e-25
394.69	2.1893e-25
395.76	2.1899e-25
396.83	2.1905e-25
397.9	2.1911e-25
398.98	2.1916e-25
400.06	2.1922e-25
401.14	2.1928e-25
402.23	2.1934e-25
403.32	2.194e-25
404.41	2.1946e-25
405.51	2.1952e-25
406.61	2.1958e-25
407.71	2.1964e-25
408.81	2.1971e-25
409.92	2.1977e-25
411.03	2.1983e-25
412.14	2.1989e-25
413.26	2.1996e-25
414.38	2.2002e-25
415.5	2.2008e-25
416.63	2.2015e-25
417.75	2.2021e-25
418.89	2.2028e-25
420.02	2.2034e-25
421.16	2.2041e-25
422.3	2.2048e-25
423.44	2.2054e-25
424.59	2.2061e-25
425.74	2.2068e-25
426.89	2.2075e-25
428.05	2.2081e-25
429.21	2.2088e-25
430.37	2.2095e-25
431.54	2.2102e-25
432.7	2.2109e-25
433.88	2.2116e-25
435.05	2.2123e-25
436.23	2.2131e-25
437.41	2.2138e-25
438.6	2.2145e-25
439.78	2.2152e-25
440.98	2.216e-25
442.17	2.2167e-25
443.37	2.2174e-25
444.57	2.2182e-25
445.77	2.2189e-25
446.98	2.2197e-25
448.19	2.2204e-25
449.4	2.2212e-25
450.62	2.222e-25
451.84	2.2227e-25
453.07	2.2235e-25
454.29	2.2243e-25
455.52	2.2251e-25
456.76	2.2259e-25
457.99	2.2267e-25
459.23	2.2275e-25
460.48	2.2283e-25
461.73	2.2291e-25
462.98	2.2299e-25
464.23	2.2307e-25
465.49	2.2316e-25
466.75	2.2324e-25
468.01	2.2332e-25
469.28	2.2341e-25
470.55	2.235e-25
471.83	2.2358e-25
473.1	2.2367e-25
474.38	2.2378e-25
475.67	2.2396e-25
476.96	2.5229e-25
478.25	2.2411e-25
479.54	2.2412e-25
480.84	2.242e-25
482.15	2.2428e-25
483.45	2.2437e-25
484.76	2.2446e-25
486.07	2.2455e-25
487.39	2.2464e-25
488.71	2.2473e-25
490.03	2.2482e-25
491.36	2.2492e-25
492.69	2.2501e-25
494.03	2.251e-25
495.37	2.252e-25
496.71	2.2529e-25
498.05	2.2539e-25
499.4	2.2549e-25
500.75	2.2558e-25
502.11	2.2568e-25
503.47	2.2578e-25
504.83	2.2588e-25
506.2	2.2598e-25
507.57	2.2608e-25
508.95	2.2618e-25
510.33	2.2628e-25
511.71	2.2638e-25
513.09	2.2649e-25
514.48	2.2659e-25
515.88	2.2669e-25
517.27	2.268e-25
518.67	2.269e-25
520.08	2.2701e-25
521.49	2.2711e-25
522.9	2.2722e-25
524.32	2.2733e-25
525.74	2.2744e-25
527.16	2.2755e-25
528.59	2.2766e-25
530.02	2.2777e-25
531.46	2.2788e-25
532.9	2.2799e-25
534.34	2.281e-25
535.79	2.2821e-25
537.24	2.2833e-25
538.69	2.2844e-25
540.15	2.2856e-25
541.61	2.2867e-25
543.08	2.2879e-25
544.55	2.2891e-25
546.03	2.2902e-25
547.51	2.2914e-25
548.99	2.2926e-25
550.48	2.2938e-25
551.97	2.295e-25
553.46	2.2962e-25
554.96	2.2975e-25
556.46	2.2987e-25
557.97	2.2999e-25
559.48	2.3012e-25
561	2.3024e-25
562.52	2.3037e-25
564.04	2.3049e-25
565.57	2.3062e-25
567.1	2.3075e-25
568.64	2.3088e-25
570.18	2.3101e-25
571.72	2.3114e-25
573.27	2.3127e-25
574.82	2.314e-25
576.38	2.3154e-25
577.94	2.3167e-25
579.51	2.3181e-25
581.07	2.3194e-25
582.65	2.3208e-25
584.23	2.3221e-25
585.81	2.3235e-25
587.4	2.3249e-25
588.99	2.3263e-25
590.58	2.3277e-25
592.18	2.3291e-25
593.79	2.3305e-25
595.39	2.332e-25
597.01	2.3334e-25
598.62	2.3349e-25
600.24	2.3363e-25
601.87	2.3378e-25
603.5	2.3393e-25
605.13	2.3407e-25
606.77	2.3422e-25
608.42	2.3437e-25
610.07	2.3452e-25
611.72	2.3468e-25
613.37	2.3483e-25
615.04	2.3498e-25
616.7	2.3514e-25
618.37	2.3529e-25
620.05	2.3545e-25
621.73	2.3561e-25
623.41	2.3577e-25
625.1	2.3592e-25
626.79	2.3609e-25
628.49	2.3625e-25
630.19	2.3641e-25
631.9	2.3657e-25
633.61	2.3674e-25
635.33	2.369e-25
637.05	2.3707e-25
638.77	2.3724e-25
640.5	2.374e-25
642.24	2.3757e-25
643.98	2.3774e-25
645.72	2.3792e-25
647.47	2.3809e-25
649.22	2.3826e-25
650.98	2.3844e-25
652.74	2.3861e-25
654.51	2.3879e-25
656.29	2.3897e-25
658.06	2.3915e-25
659.85	2.3933e-25
661.63	2.3951e-25
663.42	2.3969e-25
665.22	2.3987e-25
667.02	2.4006e-25
668.83	2.4024e-25
670.64	2.4043e-25
672.46	2.4062e-25
674.28	2.4081e-25
676.11	2.41e-25
677.94	2.4119e-25
679.77	2.4138e-25
681.61	2.4158e-25
683.46	2.4177e-25
685.31	2.4197e-25
687.17	2.4216e-25
689.03	2.4236e-25
690.89	2.4256e-25
692.77	2.4276e-25
694.64	2.4297e-25
696.52	2.4317e-25
698.41	2.4337e-25
700.3	2.4358e-25
702.2	2.4379e-25
704.1	2.4399e-25
706.01	2.442e-25
707.92	2.4442e-25
709.84	2.4463e-25
711.76	2.4485e-25
713.69	2.4508e-25
715.62	2.459e-25
717.56	2.455e-25
719.5	2.4571e-25
721.45	2.4593e-25
723.4	2.4615e-25
725.36	2.4637e-25
727.33	2.466e-25
729.3	2.4682e-25
731.27	2.4705e-25
733.25	2.4728e-25
735.24	2.4751e-25
737.23	2.4774e-25
739.23	2.4797e-25
741.23	2.4821e-25
743.24	2.4844e-25
745.25	2.4868e-25
747.27	2.4892e-25
749.29	2.4916e-25
751.32	2.494e-25
753.36	2.4964e-25
755.4	2.4989e-25
757.44	2.5013e-25
759.5	2.5038e-25
761.55	2.5063e-25
763.62	2.5088e-25
765.68	2.5113e-25
767.76	2.5139e-25
769.84	2.5164e-25
771.92	2.519e-25
774.01	2.5216e-25
776.11	2.5241e-25
778.21	2.5268e-25
780.32	2.5294e-25
782.43	2.532e-25
784.55	2.5347e-25
786.68	2.5374e-25
788.81	2.5401e-25
790.94	2.5428e-25
793.09	2.5455e-25
795.23	2.5483e-25
797.39	2.551e-25
799.55	2.5538e-25
801.71	2.5566e-25
803.89	2.5594e-25
806.06	2.5623e-25
808.25	2.5651e-25
810.43	2.568e-25
812.63	2.5709e-25
814.83	2.5738e-25
817.04	2.5767e-25
819.25	2.5796e-25
821.47	2.5826e-25
823.69	2.5856e-25
825.93	2.5886e-25
828.16	2.5916e-25
830.41	2.5946e-25
832.65	2.5977e-25
834.91	2.6007e-25
837.17	2.6038e-25
839.44	2.6069e-25
841.71	2.61e-25
843.99	2.6132e-25
846.28	2.6164e-25
848.57	2.6195e-25
850.87	2.6227e-25
853.17	2.626e-25
855.48	2.6292e-25
857.8	2.6325e-25
860.12	2.6358e-25
862.45	2.6391e-25
864.79	2.6424e-25
867.13	2.6457e-25
869.48	2.6491e-25
871.84	2.6525e-25
874.2	2.6559e-25
876.56	2.6593e-25
878.94	2.6628e-25
881.32	2.6663e-25
883.71	2.6698e-25
886.1	2.6733e-25
888.5	2.6768e-25
890.91	2.6804e-25
893.32	2.684e-25
895.74	2.6876e-25
898.17	2.6912e-25
900.6	2.6948e-25
903.04	2.6985e-25
905.48	2.7022e-25
907.94	2.7059e-25
910.39	2.7097e-25
912.86	2.7134e-25
915.33	2.7172e-25
917.81	2.721e-25
920.3	2.7249e-25
922.79	2.7287e-25
925.29	2.7326e-25
927.8	2.7365e-25
930.31	2.7405e-25
932.83	2.7444e-25
935.35	2.7484e-25
937.89	2.7524e-25
940.43	2.7564e-25
942.98	2.7605e-25
945.53	2.7646e-25
948.09	2.7687e-25
950.66	2.7729e-25
953.23	2.7779e-25
955.82	2.7812e-25
958.4	2.7854e-25
961	2.7896e-25
963.6	2.7939e-25
966.21	2.7982e-25
968.83	2.8025e-25
971.45	2.8069e-25
974.08	2.8112e-25
976.72	2.8156e-25
979.37	2.8201e-25
982.02	2.8245e-25
984.68	2.829e-25
987.35	2.8335e-25
990.02	2.838e-25
992.7	2.8426e-25
995.39	2.8472e-25
998.09	2.8518e-25
1000.8	2.8565e-25
1003.5	2.8612e-25
1006.2	2.8659e-25
1008.9	2.8706e-25
1011.7	2.8754e-25
1014.4	2.8802e-25
1017.2	2.8851e-25
1019.9	2.8899e-25
1022.7	2.8948e-25
1025.5	2.8997e-25
1028.2	2.9047e-25
1031	2.9097e-25
1033.8	2.9147e-25
1036.6	2.9198e-25
1039.4	2.9248e-25
1042.2	2.93e-25
1045.1	2.9351e-25
1047.9	2.9403e-25
1050.7	2.9455e-25
1053.6	2.9507e-25
1056.4	2.956e-25
1059.3	2.9613e-25
1062.2	2.9667e-25
1065	2.9721e-25
1067.9	2.9775e-25
1070.8	2.9829e-25
1073.7	2.9884e-25
1076.6	2.9939e-25
1079.5	2.9995e-25
1082.5	3.0051e-25
1085.4	3.0107e-25
1088.3	3.0163e-25
1091.3	3.022e-25
1094.2	3.0278e-25
1097.2	3.0335e-25
1100.2	3.0393e-25
1103.1	3.0452e-25
1106.1	3.051e-25
1109.1	3.0569e-25
1112.1	3.0629e-25
1115.1	3.0689e-25
1118.2	3.0749e-25
1121.2	3.081e-25
1124.2	3.0871e-25
1127.3	3.0932e-25
1130.3	3.0994e-25
1133.4	3.1056e-25
1136.5	3.1119e-25
1139.5	3.1182e-25
1142.6	3.1245e-25
1145.7	3.1309e-25
1148.8	3.1373e-25
1151.9	3.1438e-25
1155.1	3.1503e-25
1158.2	3.1568e-25
1161.3	3.1634e-25
1164.5	3.17e-25
1167.6	3.1767e-25
1170.8	3.1834e-25
1174	3.1901e-25
1177.1	3.1969e-25
1180.3	3.2038e-25
1183.5	3.2107e-25
1186.7	3.2176e-25
1189.9	3.2246e-25
1193.2	3.2317e-25
1196.4	3.2386e-25
1199.6	3.2457e-25
1202.9	3.2529e-25
1206.1	3.2601e-25
1209.4	3.2673e-25
1212.7	3.2746e-25
1216	3.282e-25
1219.3	3.2893e-25
1222.6	3.2968e-25
1225.9	3.3042e-25
1229.2	3.3118e-25
1232.5	3.3193e-25
1235.9	3.327e-25
1239.2	3.3346e-25
1242.6	3.3423e-25
1245.9	3.3501e-25
1249.3	3.3579e-25
1252.7	3.3658e-25
1256.1	3.3737e-25
1259.5	3.3817e-25
1262.9	3.3897e-25
1266.3	3.3978e-25
1269.7	3.4059e-25
1273.2	3.4141e-25
1276.6	3.4223e-25
1280.1	3.4306e-25
1283.6	3.4389e-25
1287	3.4473e-25
1290.5	3.4557e-25
1294	3.4642e-25
1297.5	3.4728e-25
1301	3.4814e-25
1304.6	3.4901e-25
1308.1	3.4988e-25
1311.6	3.5075e-25
1315.2	3.5164e-25
1318.7	3.5253e-25
1322.3	3.5342e-25
1325.9	3.5432e-25
1329.5	3.5523e-25
1333.1	3.5614e-25
1336.7	3.5706e-25
1340.3	3.5798e-25
1344	3.5891e-25
1347.6	3.5984e-25
1351.2	3.6079e-25
1354.9	3.6173e-25
1358.6	3.6269e-25
1362.3	3.6365e-25
1365.9	3.6461e-25
1369.6	3.6559e-25
1373.4	3.6656e-25
1377.1	3.6755e-25
1380.8	3.6854e-25
1384.5	3.6954e-25
1388.3	3.7054e-25
1392.1	3.7155e-25
1395.8	3.7257e-25
1399.6	3.7359e-25
1403.4	3.7463e-25
1407.2	3.7566e-25
1411	3.7671e-25
1414.8	3.7776e-25
1418.7	3.7882e-25
1422.5	3.7988e-25
1426.4	3.8095e-25
1430.2	3.8208e-25
1434.1	3.8312e-25
1438	3.8421e-25
1441.9	3.8531e-25
1445.8	3.8642e-25
1449.7	3.8753e-25
1453.6	3.8865e-25
1457.6	3.8978e-25
1461.5	3.9092e-25
1465.5	3.9206e-25
1469.4	3.9321e-25
1473.4	3.9437e-25
1477.4	3.9554e-25
1481.4	3.9671e-25
1485.4	3.9789e-25
1489.4	3.9908e-25
1493.5	4.0028e-25
1497.5	4.0148e-25
1501.6	4.027e-25
1505.6	4.0392e-25
1509.7	4.0515e-25
1513.8	4.0638e-25
1517.9	4.0763e-25
1522	4.0888e-25
1526.1	4.1014e-25
1530.3	4.1141e-25
1534.4	4.1269e-25
1538.6	4.1398e-25
1542.7	4.1528e-25
1546.9	4.1658e-25
1551.1	4.1789e-25
1555.3	4.1921e-25
1559.5	4.2054e-25
1563.7	4.2188e-25
1568	4.2323e-25
1572.2	4.2459e-25
1576.5	4.2595e-25
1580.8	4.2733e-25
1585	4.2871e-25
1589.3	4.301e-25
1593.6	4.3151e-25
1598	4.3292e-25
1602.3	4.3434e-25
1606.6	4.3577e-25
1611	4.3721e-25
1615.3	4.3866e-25
1619.7	4.4012e-25
1624.1	4.4159e-25
1628.5	4.4307e-25
1632.9	4.4456e-25
1637.3	4.4606e-25
1641.8	4.4757e-25
1646.2	4.4909e-25
1650.7	4.5062e-25
1655.1	4.5216e-25
1659.6	4.5371e-25
1664.1	4.5527e-25
1668.6	4.5686e-25
1673.1	4.5842e-25
1677.7	4.6001e-25
1682.2	4.6162e-25
1686.8	4.6323e-25
1691.3	4.6485e-25
1695.9	4.6649e-25
1700.5	4.6814e-25
1705.1	4.698e-25
1709.7	4.7147e-25
1714.4	4.7315e-25
1719	4.7484e-25
1723.7	4.7654e-25
1728.3	4.7826e-25
1733	4.7999e-25
1737.7	4.8173e-25
1742.4	4.8348e-25
1747.1	4.8524e-25
1751.9	4.8701e-25
1756.6	4.888e-25
1761.4	4.906e-25
1766.1	4.9241e-25
1770.9	4.9424e-25
1775.7	4.9607e-25
1780.5	4.9792e-25
1785.4	4.9979e-25
1790.2	5.0166e-25
1795	5.0355e-25
1799.9	5.0545e-25
1804.8	5.0736e-25
1809.7	5.0929e-25
1814.6	5.1123e-25
1819.5	5.1319e-25
1824.4	5.1516e-25
1829.4	5.1714e-25
1834.3	5.1913e-25
1839.3	5.2114e-25
1844.3	5.2317e-25
1849.3	5.252e-25
1854.3	5.2726e-25
1859.3	5.2932e-25
1864.3	5.314e-25
1869.4	5.335e-25
1874.4	5.3561e-25
1879.5	5.3774e-25
1884.6	5.3988e-25
1889.7	5.4203e-25
1894.8	5.442e-25
1900	5.4639e-25
1905.1	5.4859e-25
1910.3	5.5081e-25
1915.4	5.5304e-25
1920.6	5.5529e-25
1925.8	5.5755e-25
1931	5.5983e-25
1936.3	5.6213e-25
1941.5	5.6444e-25
1946.8	5.6678e-25
1952	5.6912e-25
1957.3	5.7149e-25
1962.6	5.7387e-25
1968	5.7627e-25
1973.3	5.7868e-25
1978.6	5.8111e-25
1984	5.8357e-25
1989.4	5.8603e-25
1994.7	5.8852e-25
2000.2	5.9102e-25
2005.6	5.9355e-25
2011	5.9609e-25
2016.4	5.9865e-25
2021.9	6.0123e-25
2027.4	6.0382e-25
2032.9	6.0644e-25
2038.4	6.0908e-25
2043.9	6.1173e-25
2049.4	6.1441e-25
2055	6.171e-25
2060.6	6.1981e-25
2066.1	6.2255e-25
2071.7	6.253e-25
2077.3	6.2808e-25
2083	6.3088e-25
2088.6	6.3369e-25
2094.3	6.3653e-25
2099.9	6.3939e-25
2105.6	6.4227e-25
2111.3	6.4517e-25
2117	6.481e-25
2122.8	6.5104e-25
2128.5	6.5401e-25
2134.3	6.57e-25
2140.1	6.6002e-25
2145.9	6.6365e-25
2151.7	6.6611e-25
2157.5	6.692e-25
2163.4	6.723e-25
2169.2	6.7543e-25
2175.1	6.7859e-25
2181	6.8177e-25
2186.9	6.8497e-25
2192.8	6.882e-25
2198.8	6.9145e-25
2204.7	6.9473e-25
2210.7	6.9803e-25
2216.7	7.0136e-25
2222.7	7.0472e-25
2228.7	7.081e-25
2234.7	7.1151e-25
2240.8	7.1494e-25
2246.9	7.184e-25
2252.9	7.2189e-25
2259	7.2541e-25
2265.2	7.2895e-25
2271.3	7.3253e-25
2277.4	7.3613e-25
2283.6	7.3976e-25
2289.8	7.4342e-25
2296	7.4711e-25
2302.2	7.5084e-25
2308.5	7.5459e-25
2314.7	7.5837e-25
2321	7.6218e-25
2327.3	7.6603e-25
2333.6	7.699e-25
2339.9	7.738e-25
2346.2	7.7774e-25
2352.6	7.8171e-25
2358.9	7.8571e-25
2365.3	7.8974e-25
2371.7	7.9381e-25
2378.2	7.9791e-25
2384.6	8.021e-25
2391.1	8.0621e-25
2397.5	8.1041e-25
2404	8.1465e-25
2410.5	8.1892e-25
2417.1	8.2322e-25
2423.6	8.2757e-25
2430.2	8.3194e-25
2436.8	8.3636e-25
2443.4	8.4081e-25
2450	8.453e-25
2456.6	8.4982e-25
2463.3	8.5439e-25
2469.9	8.5899e-25
2476.6	8.6363e-25
2483.3	8.6831e-25
2490.1	8.7303e-25
2496.8	8.7779e-25
2503.6	8.8259e-25
2510.4	8.8743e-25
2517.2	8.9231e-25
2524	8.9723e-25
2530.8	9.0219e-25
2537.7	9.072e-25
2544.5	9.1225e-25
2551.4	9.1734e-25
2558.3	9.2248e-25
2565.3	9.2766e-25
2572.2	9.3288e-25
2579.2	9.3815e-25
2586.2	9.4346e-25
2593.2	9.4882e-25
2600.2	9.5423e-25
2607.2	9.5968e-25
2614.3	9.6518e-25
2621.4	9.7072e-25
2628.5	9.7631e-25
2635.6	9.8195e-25
2642.7	9.8764e-25
2649.9	9.9338e-25
2657.1	9.9917e-25
2664.3	1.005e-24
2671.5	1.0109e-24
2678.7	1.0168e-24
2686	1.0228e-24
2693.3	1.0288e-24
2700.6	1.0349e-24
2707.9	1.0411e-24
2715.2	1.0473e-24
2722.6	1.0535e-24
2729.9	1.0598e-24
2737.3	1.0662e-24
2744.7	1.0726e-24
2752.2	1.079e-24
2759.6	1.0855e-24
2767.1	1.0921e-24
2774.6	1.0987e-24
2782.1	1.1054e-24
2789.6	1.1121e-24
2797.2	1.1189e-24
2804.8	1.1257e-24
2812.4	1.1326e-24
2820	1.1395e-24
2827.6	1.1465e-24
2835.3	1.1535e-24
2843	1.1606e-24
2850.7	1.1678e-24
2858.4	1.175e-24
2866.1	1.1822e-24
2873.9	1.1895e-24
2881.7	1.1968e-24
2889.5	1.2042e-24
2897.3	1.2117e-24
2905.2	1.2192e-24
2913	1.2267e-24
2920.9	1.2343e-24
2928.8	1.2419e-24
2936.8	1.2496e-24
2944.7	1.2573e-24
2952.7	1.2651e-24
2960.7	1.2729e-24
2968.7	1.2807e-24
2976.7	1.2886e-24
2984.8	1.2965e-24
2992.9	1.3044e-24
3001	1.3124e-24
3009.1	1.3204e-24
3017.3	1.3284e-24
3025.4	1.3364e-24
3033.6	1.3444e-24
3041.9	1.3525e-24
3050.1	1.3605e-24
3058.4	1.3686e-24
3066.6	1.3766e-24
3074.9	1.3847e-24
3083.3	1.3927e-24
3091.6	1.4007e-24
3100	1.4087e-24
3108.4	1.4167e-24
3116.8	1.4246e-24
3125.3	1.4325e-24
3133.7	1.4403e-24
3142.2	1.448e-24
3150.7	1.4557e-24
3159.3	1.4634e-24
3167.8	1.4709e-24
3176.4	1.4783e-24
3185	1.4857e-24
3193.6	1.4929e-24
3202.3	1.5e-24
3210.9	1.5069e-24
3219.6	1.5137e-24
3228.4	1.5203e-24
3237.1	1.5267e-24
3245.9	1.533e-24
3254.7	1.539e-24
3263.5	1.5448e-24
3272.3	1.5504e-24
3281.2	1.5558e-24
3290.1	1.5608e-24
3299	1.5656e-24
3307.9	1.57e-24
3316.9	1.5742e-24
3325.9	1.578e-24
3334.9	1.5814e-24
3343.9	1.5845e-24
3353	1.5871e-24
3362	1.5894e-24
3371.1	1.5912e-24
3380.3	1.5926e-24
3389.4	1.5935e-24
3398.6	1.594e-24
3407.8	1.5939e-24
3417	1.5933e-24
3426.3	1.5922e-24
3435.6	1.5906e-24
3444.9	1.5884e-24
3454.2	1.5856e-24
3463.6	1.5822e-24
3472.9	1.5783e-24
3482.4	1.5737e-24
3491.8	1.5685e-24
3501.2	1.5628e-24
3510.7	1.5564e-24
3520.2	1.5494e-24
3529.8	1.5417e-24
3539.3	1.5335e-24
3548.9	1.5246e-24
3558.5	1.5152e-24
3568.2	1.5051e-24
3577.8	1.4944e-24
3587.5	1.4832e-24
3597.2	1.4714e-24
3607	1.4591e-24
3616.8	1.4462e-24
3626.5	1.4328e-24
3636.4	1.4189e-24
3646.2	1.4046e-24
3656.1	1.3898e-24
3666	1.3745e-24
3675.9	1.3589e-24
3685.9	1.343e-24
3695.9	1.3266e-24
3705.9	1.31e-24
3715.9	1.2931e-24
3726	1.276e-24
3736.1	1.2586e-24
3746.2	1.241e-24
3756.3	1.2233e-24
3766.5	1.2055e-24
3776.7	1.1875e-24
3786.9	1.1695e-24
3797.2	1.1515e-24
3807.5	1.1334e-24
3817.8	1.1154e-24
3828.1	1.0974e-24
3838.5	1.0795e-24
3848.9	1.0617e-24
3859.3	1.0441e-24
3869.8	1.0266e-24
3880.3	1.0093e-24
3890.8	9.9221e-25
3901.3	9.7537e-25
3911.9	9.5879e-25
3922.5	9.4249e-25
3933.1	9.2651e-25
3943.7	9.1085e-25
3954.4	8.9554e-25
3965.1	8.806e-25
3975.9	8.6606e-25
3986.6	8.5192e-25
3997.4	8.3821e-25
4008.3	8.2495e-25
4019.1	8.1215e-25
4030	7.9982e-25
4040.9	7.8799e-25
4051.9	7.7666e-25
4062.8	7.6585e-25
4073.8	7.5558e-25
4084.9	7.4584e-25
4095.9	7.3666e-25
4107	7.2804e-25
4118.2	7.1999e-25
4129.3	7.1251e-25
4140.5	7.0561e-25
4151.7	6.993e-25
4163	6.9357e-25
4174.2	6.8843e-25
4185.5	6.8388e-25
4196.9	6.7992e-25
4208.2	6.7653e-25
4219.6	6.7373e-25
4231.1	6.7149e-25
4242.5	6.6982e-25
4254	6.6871e-25
4265.5	6.6814e-25
4277.1	6.6811e-25
4288.7	6.686e-25
4300.3	6.696e-25
4311.9	6.711e-25
4323.6	6.7308e-25
4335.3	6.7552e-25
4347.1	6.7843e-25
4358.8	6.8176e-25
4370.7	6.8552e-25
4382.5	6.8969e-25
4394.4	6.9425e-25
4406.3	6.9918e-25
4418.2	7.0447e-25
4430.2	7.101e-25
4442.2	7.1606e-25
4454.2	7.2234e-25
4466.3	7.2891e-25
4478.4	7.3577e-25
4490.5	7.4291e-25
4502.6	7.503e-25
4514.8	7.5793e-25
4527.1	7.658e-25
4539.3	7.739e-25
4551.6	7.822e-25
4564	7.9071e-25
4576.3	7.9941e-25
4588.7	8.0828e-25
4601.1	8.1734e-25
4613.6	8.2655e-25
4626.1	8.3592e-25
4638.6	8.4544e-25
4651.2	8.551e-25
4663.8	8.649e-25
4676.4	8.7482e-25
4689.1	8.8487e-25
4701.8	8.9503e-25
4714.5	9.0531e-25
4727.3	9.1569e-25
4740.1	9.2617e-25
4752.9	9.3675e-25
4765.8	9.4742e-25
4778.7	9.5818e-25
4791.7	9.6903e-25
4804.6	9.7996e-25
4817.6	9.9096e-25
4830.7	1.0021e-24
4843.8	1.0132e-24
4856.9	1.0244e-24
4870.1	1.0357e-24
4883.2	1.0471e-24
4896.5	1.0585e-24
4909.7	1.07e-24
4923	1.0816e-24
4936.4	1.0932e-24
4949.7	1.1049e-24
4963.1	1.1166e-24
4976.6	1.1284e-24
4990.1	1.1403e-24
5003.6	1.1522e-24
5017.1	1.1641e-24
5030.7	1.1761e-24
5044.3	1.1882e-24
5058	1.2003e-24
5071.7	1.2125e-24
5085.4	1.2247e-24
5099.2	1.2369e-24
5113	1.2493e-24
5126.9	1.2616e-24
5140.8	1.274e-24
5154.7	1.2865e-24
5168.6	1.299e-24
5182.6	1.3116e-24
5196.7	1.3242e-24
5210.8	1.3368e-24
5224.9	1.3495e-24
5239	1.3623e-24
5253.2	1.3751e-24
5267.4	1.3879e-24
5281.7	1.4008e-24
5296	1.4138e-24
5310.4	1.4268e-24
5324.7	1.4398e-24
5339.2	1.4529e-24
5353.6	1.4661e-24
5368.1	1.4793e-24
5382.7	1.4925e-24
5397.2	1.5058e-24
5411.9	1.5192e-24
5426.5	1.5326e-24
5441.2	1.546e-24
5456	1.5595e-24
5470.7	1.5731e-24
5485.5	1.5867e-24
5500.4	1.6004e-24
5515.3	1.6141e-24
5530.2	1.6279e-24
5545.2	1.6417e-24
5560.2	1.6556e-24
5575.3	1.6696e-24
5590.4	1.6836e-24
5605.5	1.6976e-24
5620.7	1.7118e-24
5635.9	1.7259e-24
5651.2	1.7402e-24
5666.5	1.7545e-24
5681.9	1.7688e-24
5697.3	1.7832e-24
5712.7	1.7977e-24
5728.2	1.8123e-24
5743.7	1.8269e-24
5759.2	1.8415e-24
5774.8	1.8562e-24
5790.5	1.871e-24
5806.2	1.8859e-24
5821.9	1.9008e-24
5837.6	1.9158e-24
5853.5	1.9308e-24
5869.3	1.946e-24
5885.2	1.9611e-24
5901.1	1.9764e-24
5917.1	1.9917e-24
5933.2	2.0071e-24
5949.2	2.0225e-24
5965.3	2.0381e-24
5981.5	2.0537e-24
5997.7	2.0693e-24
6013.9	2.085e-24
6030.2	2.1008e-24
6046.6	2.1167e-24
6062.9	2.1327e-24
6079.4	2.1487e-24
6095.8	2.1648e-24
6112.3	2.1809e-24
6128.9	2.1972e-24
6145.5	2.2135e-24
6162.1	2.2298e-24
6178.8	2.2463e-24
6195.6	2.2628e-24
6212.3	2.2794e-24
6229.2	2.2961e-24
6246	2.3128e-24
6263	2.3296e-24
6279.9	2.3465e-24
6296.9	2.3635e-24
6314	2.3805e-24
6331.1	2.3976e-24
6348.2	2.4148e-24
6365.4	2.432e-24
6382.7	2.4494e-24
6400	2.4667e-24
6417.3	2.4842e-24
6434.7	2.5017e-24
6452.1	2.5193e-24
6469.6	2.5369e-24
6487.1	2.5546e-24
6504.7	2.5724e-24
6522.3	2.5902e-24
6540	2.6081e-24
6557.7	2.6261e-24
6575.4	2.644e-24
6593.2	2.6621e-24
6611.1	2.6801e-24
6629	2.6983e-24
6647	2.7164e-24
6665	2.7346e-24
6683	2.7528e-24
6701.1	2.771e-24
6719.3	2.7892e-24
6737.5	2.8074e-24
6755.7	2.8257e-24
6774	2.8439e-24
6792.4	2.862e-24
6810.7	2.8802e-24
6829.2	2.8983e-24
6847.7	2.9163e-24
6866.2	2.9343e-24
6884.8	2.9521e-24
6903.5	2.9698e-24
6922.2	2.9874e-24
6940.9	3.0049e-24
6959.7	3.0221e-24
6978.6	3.0392e-24
6997.5	3.0559e-24
7016.4	3.0724e-24
7035.4	3.0886e-24
7054.5	3.1044e-24
7073.6	3.1198e-24
7092.8	3.1346e-24
7112	3.149e-24
7131.2	3.1627e-24
7150.5	3.1757e-24
7169.9	3.188e-24
7189.3	3.1993e-24
7208.8	3.2097e-24
7228.3	3.2189e-24
7247.9	3.2268e-24
7267.5	3.2333e-24
7287.2	3.2382e-24
7307	3.2413e-24
7326.7	3.2424e-24
7346.6	3.2412e-24
7366.5	3.2374e-24
7386.4	3.2308e-24
7406.4	3.221e-24
7426.5	3.2077e-24
7446.6	3.1905e-24
7466.8	3.1689e-24
7487	3.1426e-24
7507.3	3.1112e-24
7527.6	3.0743e-24
7548	3.0315e-24
7568.5	2.9826e-24
7589	2.9275e-24
7609.5	2.8663e-24
7630.1	2.7994e-24
7650.8	2.7272e-24
7671.5	2.6512e-24
7692.3	2.5729e-24
7713.1	2.4946e-24
7734	2.4189e-24
7755	2.3492e-24
7776	2.289e-24
7797	2.2418e-24
7818.1	2.2109e-24
7839.3	2.1985e-24
7860.6	2.2057e-24
7881.8	2.2323e-24
7903.2	2.2771e-24
7924.6	2.3376e-24
7946.1	2.4111e-24
7967.6	2.4946e-24
7989.2	2.5852e-24
8010.8	2.6804e-24
8032.5	2.7783e-24
8054.3	2.877e-24
8076.1	2.9754e-24
8097.9	3.0725e-24
8119.9	3.1677e-24
8141.9	3.2606e-24
8163.9	3.3508e-24
8186	3.4384e-24
8208.2	3.5232e-24
8230.4	3.6053e-24
8252.7	3.6848e-24
8275.1	3.7619e-24
8297.5	3.8366e-24
8320	3.9091e-24
8342.5	3.9796e-24
8365.1	4.0483e-24
8387.8	4.1152e-24
8410.5	4.1806e-24
8433.2	4.2445e-24
8456.1	4.3071e-24
8479	4.3686e-24
8502	4.429e-24
8525	4.4885e-24
8548.1	4.5472e-24
8571.2	4.6052e-24
8594.4	4.6625e-24
8617.7	4.7192e-24
8641.1	4.7755e-24
8664.5	4.8313e-24
8687.9	4.8869e-24
8711.5	4.9422e-24
8735.1	4.9973e-24
8758.7	5.0522e-24
8782.4	5.1071e-24
8806.2	5.1619e-24
8830.1	5.2168e-24
8854	5.2717e-24
8878	5.3268e-24
8902	5.382e-24
8926.1	5.4375e-24
8950.3	5.4932e-24
8974.5	5.5492e-24
8998.9	5.6055e-24
9023.2	5.6623e-24
9047.7	5.7194e-24
9072.2	5.7771e-24
9096.7	5.8353e-24
9121.4	5.894e-24
9146.1	5.9533e-24
9170.9	6.0133e-24
9195.7	6.0739e-24
9220.6	6.1353e-24
9245.6	6.1975e-24
9270.6	6.2605e-24
9295.7	6.3244e-24
9320.9	6.3892e-24
9346.2	6.455e-24
9371.5	6.5219e-24
9396.8	6.5899e-24
9422.3	6.6591e-24
9447.8	6.7295e-24
9473.4	6.8012e-24
9499.1	6.8743e-24
9524.8	6.9488e-24
9550.6	7.025e-24
9576.5	7.1027e-24
9602.4	7.1822e-24
9628.4	7.2635e-24
9654.5	7.3468e-24
9680.6	7.4322e-24
9706.9	7.5198e-24
9733.1	7.6097e-24
9759.5	7.7021e-24
9785.9	7.7972e-24
9812.4	7.8951e-24
9839	7.996e-24
9865.7	8.1002e-24
9892.4	8.2079e-24
9919.2	8.3192e-24
9946	8.4347e-24
9973	8.5544e-24
10000	8.6788e-24
