1.820332982815705e-9 3.0169892910376566e-9
1.878950692178897e-9 3.1532603045399233e-9
1.9283139066293087e-9 3.244039288732656e-9
2.0427790828892264e-9 2.6105250173884285e-9
2.1390637883460676e-9 3.85375417587172e-9
2.207945413271237e-9 4.024254830631231e-9
2.2659517230024913e-9 4.142204356125288e-9
2.5136029911973977e-9 4.91823933342533e-9
2.594545438726892e-9 5.13583573120888e-9
2.662709166631545e-9 5.27434127826251e-9
2.9452208956723037e-9 6.299087087227513e-9
3.0400654294526864e-9 6.525559812612331e-9
3.124430764873097e-9 6.7311455795283826e-9
3.460914521145439e-9 8.031907047581595e-9
3.5723675504358102e-9 8.291258941279909e-9
3.671524004339569e-9 8.224730658850059e-9
4.067120009413716e-9 6.869260121387165e-9
4.198133526879315e-9 6.617802500462573e-9
4.3146711529706086e-9 6.428076140607473e-9
4.77956283674819e-9 5.381792021606504e-9
4.933527330924329e-9 5.17561033815956e-9
5.063181951199634e-9 4.999505747961179e-9
5.584354491909675e-9 5.303473206749831e-9
5.7641336152893375e-9 5.887060598932569e-9
5.915538837294688e-9 6.2780984981610385e-9
6.4493910392947775e-9 9.220009573089168e-9
6.6570185939310096e-9 1.0234567605702735e-8
6.82203925593757e-9 1.0923639688294562e-8
7.355008268662566e-9 1.769495287140855e-8
7.547756862184847e-9 2.172440341452344e-8
7.687909816425552e-9 2.39586584031206e-8
8.064535176674402e-9 4.465636273902923e-8
8.272523504224376e-9 5.501056216063556e-8
8.441695925167014e-9 6.101836072965849e-8
8.846402481181005e-9 1.1275912766044094e-7
9.099789715586324e-9 1.2842126831126322e-7
9.29635782931125e-9 1.304085150354678e-7
1.031258861688934e-8 1.3293056348373982e-7
1.0644726166278445e-8 1.336253856692287e-7
1.092437561174387e-8 1.3799504524942036e-7
1.1944644558106088e-8 2.0038860203060078e-7
1.2329185686538923e-8 2.2204549383466874e-7
1.2634823243874428e-8 2.3563510984210338e-7
1.3955232379979e-8 2.8366353207597837e-7
1.4420701844053427e-8 3.0656103634746357e-7
1.4719045888254152e-8 3.4408608727260437e-7
1.5373473820984742e-8 6.567584726235629e-7
1.577632771212896e-8 8.179605208209881e-7
1.6069248880316216e-8 9.133823089381096e-7
1.7170558559774568e-8 8.659373493392041e-7
1.7723832199805933e-8 7.79250224117961e-7
1.8137294770086277e-8 7.470314992108724e-7
2.002320926576128e-8 8.707711404709573e-7
2.0628115990420016e-8 9.802438259313917e-7
2.115973729288893e-8 0.0000010630489797530798
2.3366568002328495e-8 0.0000012754646412279356
2.402280880752642e-8 0.0000014376905051741167
2.457918964422172e-8 0.0000015970673806554216
2.6504671280714632e-8 0.000002513406433133074
2.7253577395539638e-8 0.000002940881052606421
2.7818986796859627e-8 0.0000033634535890713635
2.8832127651076438e-8 0.000006657944045997937
2.906317203745884e-8 0.000008860659289465643
2.9560026497086734e-8 0.000020004564026850185
2.974446014087699e-8 0.00002637838002749286
3.028091551510284e-8 0.00006003352362179617
3.0537550253227674e-8 0.00007894660070194168
3.019155471089345e-8 0.000029230754797252078
3.103374004549602e-8 0.0001818953022171702
3.1185340293298817e-8 0.00022955927390008081
3.1649431533919214e-8 0.0005535355656699435
3.181583998133685e-8 0.0007430069399916536
3.160554031746586e-8 0.0003714777083408086
3.151929513711205e-8 0.00012118008265012989
3.1384929016742275e-8 0.00008287973538772557
3.174405463882886e-8 0.0002546804747060503
3.1791406309279e-8 0.00017545984086721984
3.243191805122542e-8 0.0009538604479617728
3.285842601439252e-8 0.0004606521897369406
3.297588385795395e-8 0.0003636172648417995
3.2860051170980824e-8 0.0003178277152442418
3.334016820369508e-8 0.00015441635576362735
3.343733745779876e-8 0.00012475035525869648
3.3582970364046146e-8 0.00010479902555116402
3.392672596371219e-8 0.00005036909654315038
3.4021986452143e-8 0.00003934312276671821
3.4294349801721136e-8 0.00003440674627980207
3.5840601009788655e-8 0.000019883881814342696
