-8.704031455030655451e+00
-8.403001459366674197e+00
-8.226910200310992849e+00
-8.101971463702692944e+00
-8.005061450694636704e+00
-7.925880204647011595e+00
-7.858933415016398527e+00
-7.800941468038711690e+00
-7.749788945591330247e+00
-7.704031455030655451e+00
-7.662638769872430089e+00
-7.624850208983030342e+00
-7.590088102723818508e+00
-7.557903419352417274e+00
-7.527940195974974102e+00
-7.499911472374730437e+00
-7.473582533652381343e+00
-7.448758949927348993e+00
-7.425277854077826589e+00
-7.403001459366674197e+00
-7.381812160296735925e+00
-7.361608774208448835e+00
-7.342303619013062388e+00
-7.323820213319049088e+00
-7.306091446358617958e+00
-7.289058107059837255e+00
-7.272667690871667645e+00
-7.256873423688436020e+00
-7.241633457131698925e+00
-7.226910200310992849e+00
