2.815759442125926e-9 1.459511508554576e-14
2.9911804824085565e-9 1.3774449557661338e-14
3.1775302053454863e-9 1.296955951324579e-14
3.3754894648660016e-9 1.219267588405474e-14
3.585781531912322e-9 1.1489168207674127e-14
3.809174737007778e-9 1.0817815274821064e-14
4.046485277456386e-9 1.0161896768277832e-14
4.2985801994301945e-9 9.575563427586018e-15
4.566380565839686e-9 9.023061053124806e-15
4.850864821561899e-9 8.482574816086045e-15
5.153072368321055e-9 7.993137012987087e-15
5.474107362283465e-9 7.526069608335412e-15
5.815142748241563e-9 7.259644384645556e-15
6.177424545126296e-9 7.079501160460115e-15
6.562276398505954e-9 6.893071714225341e-15
6.9711044167044586e-9 6.716786154056803e-15
7.405402308208204e-9 6.5450089756391466e-15
7.866756839132363e-9 6.3577673283817304e-15
8.356853630685406e-9 6.331895552235037e-15
8.877483317814356e-9 7.0005680139507594e-15
9.430548091532e-9 7.84923534907183e-15
1.0018068648828933e-8 8.807649183608469e-15
1.0642191575563568e-8 9.921688576846862e-15
1.1305197189304083e-8 1.1072562779827859e-14
1.2009507870777147e-8 1.2318458661430802e-14
1.2757696914363732e-8 1.3693863806978378e-14
1.3552497929978371e-8 1.5210975009307492e-14
1.4396814830682775e-8 1.6778024878510865e-14
1.5293732442525324e-8 1.8420147507902632e-14
1.624652777537039e-8 2.0238762713482033e-14
1.725868199589722e-8 2.157098557315173e-14
1.833389314651365e-8 2.2476932718066183e-14
1.9476089656654372e-8 2.3567460337667983e-14
2.0689444695829334e-8 2.6015678163402803e-14
2.197839142086349e-8 2.8606491194435815e-14
2.3347639173034987e-8 2.5986072327942023e-14
2.480219068429082e-8 2.2579656689195167e-14
2.6131116464445875e-8 2.5760575394009775e-14
2.738040021143539e-8 3.1350683763642603e-14
2.7988793672860868e-8 3.790119405399194e-14
2.8298041231000307e-8 4.803298925574138e-14
2.8636916441608217e-8 6.075633833819751e-14
2.8995017615606418e-8 7.58520914327434e-14
2.9273229738124085e-8 9.736599913801519e-14
2.9596669001751496e-8 1.2203095603993008e-13
2.99903014543739e-8 1.5435485818473269e-13
3.03097664593939e-8 1.9584122804367175e-13
3.106848151909055e-8 2.4672112076399216e-13
3.304940316765422e-8 2.4999940558944045e-13
3.419056621933558e-8 1.968936297939954e-13
3.467703618222794e-8 1.5916492962925997e-13
3.525333948548113e-8 1.3194261220999238e-13
3.583922046704563e-8 1.0571805659622442e-13
3.652073080883152e-8 8.567934614444123e-14
3.714224810146428e-8 7.053972844822455e-14
3.7774342502946976e-8 5.859940622406159e-14
3.904976102131565e-8 4.781101853715088e-14
3.891795511891779e-8 4.168130918162893e-14
4.1570301977754246e-8 5.799845875218369e-14
4.416012037939112e-8 5.839635748843422e-14
4.691128375651184e-8 5.1861232937681647e-14
4.983384385679791e-8 5.31203611312022e-14
5.264842203389965e-8 6.442939422963326e-14
5.537802377645682e-8 7.654581079265171e-14
5.748610905256719e-8 9.547308691151813e-14
5.8763452429592294e-8 1.1021929800013165e-13
6.1572832049371e-8 8.221987411890629e-14
6.43647879232676e-8 1.1547831873965806e-13
6.87970693602189e-8 1.0687954734313558e-13
7.243326637885224e-8 1.2942175303928174e-13
7.737684273365327e-8 1.1893193148253333e-13
7.82389417475378e-8 1.0683872725293679e-13
8.137360615082087e-8 1.4877653616824812e-13
8.365641826236635e-8 1.7913181960288968e-13
8.375496720851149e-8 2.2269014537820706e-13
8.67134307130405e-8 1.3696346678329657e-13
8.879846625206067e-8 1.739106935679127e-13
9.252489155836742e-8 2.0229399130134914e-13
9.727292010531613e-8 1.5037547994401816e-13
1.0034902817935654e-7 1.4713013106276186e-13
1.0373354812010683e-7 1.8690340070987458e-13
1.05735509587268e-7 2.306316283339989e-13
1.072469492640767e-7 1.840024867123249e-13
1.0983867686543542e-7 2.842735723572627e-13
1.1445122113266594e-7 2.3289591219966403e-13
1.1933140925041976e-7 1.9796662443305512e-13
1.2597155153957404e-7 2.479050365697133e-13
1.3282269949008915e-7 2.0810672132878537e-13
1.3922735234964968e-7 2.2108661690062972e-13
