2.8129899264185943e-9 6.9767906447429e-10
2.9880667609295294e-9 6.979703113873392e-10
3.174040149919561e-9 6.982616798817467e-10
3.3715882807676614e-9 6.985531700082611e-10
3.5814315503532233e-9 6.988447818176523e-10
3.804335192120523e-9 6.991365153607281e-10
4.0411120666481205e-9 6.994283706882951e-10
4.292625625899812e-9 7.048169030536516e-10
4.559793061966618e-9 7.141233487578891e-10
4.843588651782478e-9 7.144214603559758e-10
5.145047310010526e-9 7.044207422807774e-10
5.465268363056558e-9 7.034373801387334e-10
5.805419557972088e-9 7.444460152566245e-10
6.1667413208664426e-9 8.008156346528856e-10
6.550551280356649e-9 8.598920334627518e-10
6.958249072551207e-9 9.216528183917678e-10
7.391321445089676e-9 9.932410061430933e-10
7.85134767885104e-9 1.0645794321034587e-9
8.340005347102308e-9 1.193988924197071e-9
8.859076433088721e-9 1.6769826033641799e-9
9.410453828375134e-9 2.4028368692109047e-9
9.96875157261101e-9 3.4100590387439337e-9
1.0560171669594508e-8 4.861783928844916e-9
1.1217423019996088e-8 6.940895082722091e-9
1.1915580839640799e-8 9.78407206098794e-9
1.2657191093972376e-8 1.3842027552340511e-8
1.344495820601248e-8 1.95475271126688e-8
1.4281754918554324e-8 2.7256386305676515e-8
1.5170632770166434e-8 3.738980160281193e-8
1.6114833223208963e-8 5.147708538227525e-8
1.7117799484443713e-8 6.699590064129772e-8
1.818318906134309e-8 8.317556537782234e-8
1.9314887099887712e-8 1.034501787251184e-7
2.0517020552491203e-8 1.4294466053762626e-7
2.179397322771785e-8 1.9967897616970378e-7
2.315040177667566e-8 1.9299342545461915e-7
2.4591252674381086e-8 1.6045478847283977e-7
2.5836585252275835e-8 2.1524053329934797e-7
2.6940882028916595e-8 3.3782119859084423e-7
2.7772961758489944e-8 4.871714647233696e-7
2.8079531295871686e-8 7.918141342624617e-7
2.8452628640344653e-8 0.0000013470468123281528
2.867661367383284e-8 0.000002153850765303233
2.9019693992874375e-8 0.0000035030688933221327
2.934002548073369e-8 0.000005789125682242548
2.966389292118222e-8 0.000009346849049279946
3.0034481510539845e-8 0.000015735560241017485
3.036601464633785e-8 0.0000273607452747709
3.165459698078046e-8 0.00003973017821794928
3.344067838622019e-8 0.00003715724657750397
3.4183017336575144e-8 0.000022946389081920216
3.485973412738777e-8 0.000014584710056637053
3.5619606153742585e-8 0.000008844161509024594
3.6410314426428885e-8 0.000005317433616062843
3.729810697292125e-8 0.0000032942389869412153
3.8521617978940177e-8 0.00000200677504293186
3.92108377805039e-8 0.000001847347464145713
4.074674532784273e-8 0.000002891098703338408
4.281021277587577e-8 0.0000038124577149180635
4.547466474107794e-8 0.0000036054525663167985
4.830494873126995e-8 0.0000035164926902427652
5.089065041769452e-8 0.0000049577846531496295
5.33212778069706e-8 0.000007982203950843141
5.5748867669264825e-8 0.000011981054525874338
5.7897256408872175e-8 0.000021172349355910486
5.8582269081740404e-8 0.000028768150758609447
6.12060359932536e-8 0.000014915439381604822
6.303871249045198e-8 0.000027420948592693146
6.497082691513414e-8 0.00003699858910554208
6.925848309658015e-8 0.00003501320917730449
7.269343716499693e-8 0.00006005398208363543
7.78441231496076e-8 0.00005228609011113051
7.787261396195008e-8 0.000036312944775373895
8.173457165542677e-8 0.00010161913365173877
8.35784052495143e-8 0.00017010931257599552
8.648531565344366e-8 0.00008861829785399147
8.853332131983468e-8 0.00016196586916950343
9.260738939293564e-8 0.00022448061629460247
9.752629910636002e-8 0.00013661510336683094
1.0364791624072043e-7 0.00027459853392583337
1.0106868913216978e-7 0.00015930778631656996
1.0706483152704813e-7 0.0008906338595032091
1.0861291453482976e-7 0.0005182038240375927
1.0706483152704813e-7 0.0002572937976920449
1.1631105243802576e-7 0.0004163755629727807
1.1855447424665927e-7 0.00034437591300666176
1.236580377121363e-7 0.0005822972350165274
1.2832556841699943e-7 0.0008719465934574163
1.3185600308282346e-7 0.0005243055086969812
1.348241398010034e-7 0.0007998349061393403
1.3895645239137138e-7 0.0006455288759250249
